8 281 231 87 79 271 170 8 270
9 161 234 128 3 192 130 17 56 53
9 228 15 131 43 263 239 267 32 210
8 296 63 219 50 47 274 100 90
11 209 104 213 193 105 289 212 124 24 109 286
7 256 18 84 187 223 189 46
7 206 205 162 283 295 45 222
9 13 253 150 288 259 260 49 92 86
8 95 126 51 277 65 69 48 108
11 35 164 224 249 204 127 16 196 155 122 66
8 290 143 54 159 82 99 299 115
3 149 14 291
8 93 186 180 184 133 151 34 199
8 113 29 254 172 238 80 165 211
4 278 250 119 175
5 123 198 261 106 64
7 266 241 61 240 285 12 230
8 201 279 20 118 233 33 30 280
3 132 191 168
7 252 111 244 11 207 28 251
10 177 292 287 19 135 117 37 140 229 166
11 59 89 26 44 255 76 57 4 139 217 179
9 215 136 182 73 245 203 7 78 52
9 75 298 158 1 220 6 97 268 174
3 0 225 2
6 58 85 137 77 114 183
9 248 121 243 22 160 178 70 284 264
6 27 156 293 125 107 38
4 67 208 273 96
4 152 247 42 9
19 214 197 237 147 227 134 216 226 235 146 200 102 202 236 31 144 282 68 83
9 242 157 81 110 153 173 5 246 195
9 62 275 181 120 98 258 176 276 265
8 171 36 116 167 294 257 91 169
8 60 40 262 103 163 194 190 10
8 21 71 185 55 94 269 25 39
10 101 88 23 145 297 142 272 112 154 188
6 148 41 138 72 218 74
3 129 221 232
1 141
0 
0 
0 
0 
0 
0 
0 
0 
0 
0 
0 
0 
0 
0 
0 
0 
0 
0 
0 
0 
0 
0 
0 
0 
0 
0 
0 
0 
0 
0 
0 
0 
0 
0 
0 
0 
0 
0 
0 
0 
0 
0 
0 
0 
0 
0 
0 
0 
0 
0 
0 
0 
0 
0 
0 
0 
0 
0 
0 
0 
