103 7024 8879 475 9015 2821 426 1259 9947 3378 1799 6291 9097 8151 5516 3217 9778 8847 9064 6719 4872 8564 758 8104 2755 9269 3248 1600 1675 9306 2332 1719 1887 1948 3705 2400 6932 65 3456 8005 538 6347 1735 6427 3191 5819 3230 3228 5750 9889 58 833 5146 4366 9892 925 4791 9571 754 2758 357 3437 2774 5054 3349 9499 5052 9669 4858 2308 7567 7319 4418 3395 6237 30 6295 3463 3886 9646 1182 4444 2524 4633 8205 885 9707 1315 3521 792 1700 5168 8585 9879 3297 319 4905 9449 1852 2851 4586 9647 5928 5389
110 574 1643 629 2379 6589 42 8465 6365 7083 9555 6842 9782 1580 2567 5022 7286 3639 744 4113 123 6694 4302 1322 2005 6029 3018 9731 6552 4343 1908 709 6678 3460 9824 1734 163 9840 6100 1399 7749 3397 3646 3491 9053 4099 6831 1378 6905 7428 4820 5754 8749 8356 5732 4151 4804 1959 4312 2938 3552 3827 2307 5842 5585 4363 4104 5172 9052 2692 9744 5193 7340 3937 9803 7496 7510 3933 2328 181 1822 851 5419 1335 1043 3959 9381 87 9076 2826 6271 4747 458 34 1177 3045 2960 9591 6336 2344 6102 3555 3016 1228 9689 7792 7158 5812 644 7137 5187
108 699 5267 7504 6266 1576 5614 2677 5671 7475 2491 6978 6495 2521 802 5712 6562 3904 3086 5447 6057 361 3632 6155 1986 8032 1521 2736 1175 5135 6727 4059 5238 262 8218 338 6204 9351 4085 3062 2360 5395 6412 2813 8767 7341 5621 4400 2559 5965 9141 6111 2944 5377 5196 5679 2372 7752 5424 757 6187 3699 6627 892 7003 125 76 1630 1037 6362 4925 3368 323 5504 9129 7871 7106 704 7358 1678 8454 9202 4867 4835 6050 6852 4181 6039 9597 544 1222 624 7600 2720 1142 6463 2801 6822 1153 495 7450 52 2320 9085 3762 6413 4129 3393 9844
203 6373 3895 384 1299 209 5289 2714 1461 7715 7419 8314 3310 2482 8482 3809 4694 8946 6282 6621 9331 1577 9994 1684 8098 8168 9726 6401 7533 8069 6843 1706 7874 5194 4309 4768 8677 5646 6674 6280 5765 2348 8972 2209 8405 9529 3716 2915 2828 1773 959 5157 7501 6925 9740 4620 6802 5253 6357 1319 6512 8468 1033 2557 8075 2543 5405 345 7009 4223 1119 7596 8149 5592 4702 4417 8868 6360 275 8941 8685 3029 7276 9185 5034 394 5652 5940 6324 4773 2963 5804 8644 8627 8933 7568 8361 3128 9654 3862 2298 7213 8397 429 6812 8156 8284 6330 7613 5418 478 2410 7732 5401 2196 4649 2501 2283 6987 4385 6892 6454 241 8664 3684 5044 4168 419 6526 7122 9722 5476 3060 8204 7006 6053 7798 7362 5714 4207 3194 4397 5610 2488 3594 5421 2747 6123 9011 3031 3808 7920 3192 317 3210 3082 4403 9557 5378 2622 6435 2731 1625 6525 1092 4126 1278 4530 1486 7042 6312 2473 8940 4654 2791 5875 4304 4593 6960 6375 9448 3121 8133 1628 618 4491 115 4671 8731 7258 9128 6544 2007 2591 8790 9168 8496 2981 4235 8192 5372 7005 9422 8380
104 3545 7401 9559 1981 9754 9278 7385 8511 8249 5163 5498 5661 7196 3850 2709 1573 3276 223 6157 1469 1728 5495 2106 6485 5291 951 1423 9505 4148 8369 2139 9907 9877 9426 8001 6188 2998 57 7804 6753 2890 6094 9523 1642 7665 1820 4857 5527 1632 3977 8062 9648 5104 703 8987 8721 3915 9344 3836 6950 3053 656 9973 5903 2891 6981 6262 1882 4345 8517 5311 9453 5178 5552 1927 9897 4453 9036 178 5108 8063 1103 5680 878 8666 5402 4182 2334 6131 2432 270 6952 4342 7598 9706 7321 9784 2947 3640 8107 1115 7550 1584 3785
137 5037 3884 8598 6881 9045 4614 8546 4847 8174 2922 4735 7801 2792 887 8212 7449 3211 9852 7255 4989 817 4612 9176 6662 4008 6575 9342 1842 3182 5539 3410 4065 882 2212 2167 5184 1125 7711 2413 2063 4501 8628 6201 227 8529 8924 5463 1541 7297 443 5084 4391 5125 5428 1931 7284 8292 3589 6167 9190 8985 8238 2871 452 1624 6183 3528 6586 7832 2942 2497 2495 8596 1431 2378 4238 8467 7464 1206 365 7437 6577 132 2679 5225 4189 3532 8561 1277 694 6260 8533 6857 8233 732 9000 6705 2353 7349 6765 8688 6966 5689 5594 9149 197 3978 3810 2464 3638 5149 8724 7399 1296 9498 3543 7373 6374 2313 7978 4965 4033 9354 3618 4558 2058 7587 8236 9415 6721 4307 8370 499 2014 8066 4006 7577
98 4131 6066 5352 8592 4924 3023 7223 5626 7205 7848 8142 8920 479 6653 937 5665 1252 2949 7936 5380 5534 9302 3781 1701 3727 9936 6569 8885 9009 9933 3702 4632 3870 1723 3737 6017 3714 4266 7661 7291 5780 6917 9311 300 1194 541 4108 9325 1014 3071 2223 7840 7034 7204 5136 1440 4849 638 2178 3342 5318 6771 9918 2441 3076 4011 5968 838 853 103 1905 8508 4432 2793 3227 8502 9355 682 6498 1051 6686 6820 664 5920 249 2767 7476 6331 2194 6408 149 6911 1738 701 6364 2796 8932 2226
102 8727 3243 4545 7175 8100 8060 3305 5345 2021 3188 7311 1708 1765 3791 6156 3906 6606 4605 9441 8348 2978 4806 8083 9528 3635 6224 4096 4484 8616 3118 9681 996 1339 6273 7875 9556 4639 1030 6020 7770 6210 3717 803 254 6025 6904 5522 5992 371 8696 3820 1896 8251 3541 5307 4295 5027 1429 2999 6036 2916 6775 91 8852 9058 4828 5399 5370 6731 6761 4546 7090 9543 6175 4460 5770 4583 559 2892 7333 1784 3095 860 6995 5118 3026 2986 1790 3469 9461 3485 3010 5098 6778 5905 4190 8930 6632 7755 5464 2668 6420
104 2355 1755 1159 3821 204 3759 4861 4833 7722 8565 2727 5731 7466 433 2582 5789 411 4536 9209 8211 4298 801 5844 326 1990 5087 5867 5669 5036 7861 1872 7730 4502 4970 161 142 7056 8682 4340 6524 4853 9774 4300 8043 3652 4494 8177 2529 8990 6795 5360 6508 565 5763 6660 6986 3522 188 7705 6676 3425 5617 4635 3871 6235 4465 5639 9583 6598 6897 680 3255 4985 1942 2121 6808 5830 9228 3629 8893 398 4715 2431 6826 9922 6560 298 7761 5068 1270 555 6711 4906 5753 9551 1019 5605 7660 8245 7653 8009 7229 9417 866
99 7787 1890 9116 9427 3859 1690 6570 6251 1936 6256 9069 4499 9213 1221 9315 9843 2342 9239 2215 5620 4200 363 9781 7408 388 5109 1068 9310 810 2368 8853 1501 5071 7888 7633 6226 9326 3902 655 4279 9729 9872 9357 1991 2887 4631 8099 3274 8965 3614 1009 1691 314 1474 1794 5469 7265 6369 318 7836 553 130 8860 5757 247 8943 3729 6796 4958 8759 4696 8365 18 1556 880 8560 5112 9960 1615 1761 6409 576 6546 3362 9386 7345 987 8887 9601 1518 9330 8435 215 234 3801 2174 9093 4762 6591
107 7706 5738 6232 9081 244 9878 6977 3222 8089 1041 1304 3304 9766 176 2841 8527 8305 8586 2511 9126 7054 4987 1846 3572 9165 116 7093 4014 7050 5791 8256 1245 910 5888 9938 6076 2642 8711 9367 8967 942 8707 5408 807 2516 3887 7889 4477 12 3153 2904 9255 8653 661 1788 6649 8916 3440 3365 3327 6422 4155 4539 2147 1544 9682 9880 39 3389 3446 5351 6096 3170 4809 9981 540 3943 9347 5344 8888 3595 7839 2249 3568 493 7941 7331 3282 7904 3602 5604 7949 447 8195 4110 7256 162 597 1084 2345 687 8319 2232 4957 5284 10 5697
101 5439 7472 971 2190 6304 53 4380 9627 8613 3486 6647 589 519 3219 9008 5340 1503 8072 1482 5910 3116 9377 154 3394 5467 6600 4518 8806 2515 1898 8403 4900 7782 5437 3920 3610 7562 3113 969 521 770 2173 2711 9954 2911 4786 4921 7189 2119 9150 2581 8057 1116 4628 2340 5050 6868 9142 6973 2255 3054 6861 3768 2603 5951 422 6467 6714 9411 9046 2987 5515 5591 8049 289 8377 7316 4040 8303 8246 4566 5275 9056 8112 4081 858 8227 5023 7585 3659 5864 145 7735 3379 5531 5415 1619 5876 902 4003 2846
95 7329 4327 1165 1611 9375 8697 1969 8131 1005 7254 455 1408 3945 3889 9143 2785 4355 8426 9458 989 4648 7997 291 8474 8219 2833 4600 3468 4672 1907 5347 2048 9983 8126 4720 1191 9667 6294 3891 5768 1146 3944 7011 2286 1361 1685 8687 2144 1394 4162 6896 6980 9237 8519 8746 5497 1515 894 8593 5924 6496 1502 9512 7656 2128 6181 9832 2371 6751 4443 5494 1233 6002 2457 1756 7252 9222 8274 5337 3242 2493 7566 4080 4166 3557 8178 8070 9911 2421 1770 2703 684 9801 216 5751
102 9035 6996 3321 6410 9384 5600 569 548 9157 3166 2937 9629 8343 9975 5373 2599 6440 3083 5904 5987 2394 3465 3916 4726 7174 9660 106 1321 891 7583 9205 5523 1753 6207 72 1974 8973 7823 9950 1129 6875 527 8448 5686 1772 9424 5807 2487 1380 2685 4722 5862 4203 3547 7167 7696 9522 5117 6583 6174 5859 9984 3590 2610 9864 9846 2875 9991 6178 4878 6316 7825 3280 2768 572 1020 3697 8639 1536 8742 303 5832 8763 3892 573 1413 336 6615 3391 8539 3962 3674 1031 5158 2935 2652 6425 7107 5017 1006 4653 8322
94 1523 9775 7881 4319 9780 543 8309 1432 844 353 3064 4217 6772 526 6704 8085 946 1026 5598 6334 2673 2192 6437 1925 8051 4254 8935 8559 759 3579 5259 5041 3173 1567 8261 6738 6030 1483 3498 2117 5893 2850 3690 9516 7064 5013 5952 2507 4103 1999 7433 402 2973 7068 7891 9324 5250 6381 9946 6160 1661 586 8368 6090 8135 3914 5701 895 5113 2879 8701 9917 6132 37 2316 5132 6351 8883 6798 7762 6920 8747 7089 6243 6041 9066 370 955 3051 583 8528 557 2041 5304
100 1546 6326 4799 6757 2634 9296 9212 9068 5548 4611 3090 8334 5936 4541 9359 4029 375 9687 8626 6385 652 5462 5277 5709 8643 9750 9959 3293 1506 663 9700 5212 5051 5870 1420 1492 764 418 4416 9531 9245 1516 4871 9007 3861 5070 9867 639 4171 6040 7303 4244 11 4798 3404 1897 3533 3692 7244 3556 4220 4433 3176 4646 226 8194 7375 8756 4718 2749 8372 8999 8058 9224 4121 1687 6113 4344 9961 7102 2256 3675 3600 7074 6302 9402 4598 5879 4218 5573 8489 1217 304 6378 8658 185 5080 5861 3174 9915
100 640 268 4951 7337 4478 3745 8937 6791 1293 1425 3402 6758 3964 9313 5492 1909 64 9019 9084 6817 1555 7734 8993 406 1947 3215 8867 2489 2754 994 3571 2527 4834 6303 7909 8008 5308 8026 1288 9546 6109 8355 6514 2127 1139 1188 7868 7572 421 6579 8453 9235 3687 3474 8154 9576 3193 1046 7545 3512 5735 1360 2164 2568 8464 3441 2604 1627 5724 1816 5636 4888 623 9455 356 272 6462 6083 8208 4758 3289 8979 9888 3013 135 6510 3947 6257 3706 7507 8250 6689 5477 3452 3325 1891 5077 3201 9857 7916
107 2036 6626 2101 8167 9388 9511 5601 6851 9479 1344 6878 5822 7017 5783 1416 8900 8330 3509 927 4984 8698 7939 582 4296 3803 8147 5335 6823 750 693 7144 6671 5406 1152 9553 2064 7486 3377 1200 9565 4071 4413 7554 2386 4187 2252 6230 4973 4916 503 3653 412 1443 5581 6494 7926 6358 7590 1670 2602 3772 5831 6006 992 4622 9819 86 7253 2783 7092 4941 3650 1381 4513 5479 1359 4914 6990 20 9243 9849 1257 5015 8295 6011 9777 4036 2396 3476 3890 6764 7701 3344 9578 7807 7016 2984 2046 9397 207 4889 7745 6746 4245 5535 2724 8625
100 4479 9041 3072 9538 953 6889 98 2797 1249 787 9018 8132 9401 7893 1300 7283 2095 2483 6613 6522 1810 3930 468 4088 2741 140 2474 3366 102 9452 3346 7575 1781 6565 9537 7597 5480 8820 8293 6557 2707 654 8436 1370 513 9350 2940 9075 4709 6770 9169 9865 7417 7958 7930 9484 8146 1384 4132 3894 7191 8587 3406 6774 3882 5443 8145 4450 5458 7000 9820 6675 8483 5869 4175 1060 5409 1903 7784 5618 3786 6505 628 9949 881 6555 8332 3496 3911 5091 765 5079 8308 2786 5718 9567 8041 3187 658 7681
110 4525 4746 5359 8088 3298 870 9813 3447 2382 9969 8723 5101 8200 8962 2594 3661 2868 7060 3621 8446 4000 6640 1554 1504 155 8331 5394 3958 4475 8272 938 331 7166 4026 346 8350 450 625 9845 4940 9451 8974 1465 564 3089 9172 8036 9680 8611 8958 7728 933 6142 7819 5930 7035 7638 6909 5606 9515 2445 6933 7742 6576 1061 1238 3424 1195 84 6588 4362 3225 911 2186 3765 3713 6004 2120 4392 5375 9289 9173 9955 1742 8829 8381 8457 2297 631 8068 1801 5549 3822 6482 1065 4840 2500 3881 6141 2639 7508 7039 1004 6547 3747 2551 8393 7058 5361 5090
104 4609 4928 8201 2060 6089 3367 3009 789 4109 823 3213 3883 2294 7251 376 232 5564 3542 6786 6453 3442 7266 1743 4127 8304 1747 3712 1681 3928 5482 649 5982 2663 7010 9513 9905 8345 3771 9203 5386 9003 5155 5907 3436 968 5329 6954 4251 8447 8460 1010 7128 8438 3865 6376 290 9510 1881 8567 9275 4178 7118 2950 4184 524 9428 5129 3381 9054 8262 9370 5396 9432 4595 1210 6007 5918 8800 3372 5152 7645 7617 48 888 464 3316 9113 8692 9666 8837 5886 600 238 3936 4659 2811 3869 1455 3038 1289 4286 7146 9303 5927
107 3503 1900 590 8574 5422 8327 5713 5868 5767 5827 7844 6699 1113 5986 2858 3749 1208 9968 4876 2966 606 8395 1893 6087 4150 6008 324 6353 4662 4504 4890 672 7750 9856 1189 8163 1940 6818 3546 1748 5305 5935 1372 879 5000 6811 9941 6179 8877 4082 9719 2818 3647 3091 8998 5872 7595 393 5851 7719 4770 3544 7608 9901 4754 1612 9363 7170 7458 8512 1133 4338 6511 8675 5912 5702 8835 6663 9118 5622 5603 3919 4874 7718 8816 6553 2900 4079 7714 2506 7021 3466 2288 6064 9509 1924 7879 8497 9805 8243 6259 8968 9473 14 8895 1100 3356
110 7766 5286 5710 5264 6047 3427 8181 4730 4208 3631 3578 9071 9170 549 8744 7488 4776 7781 3314 1593 5198 9884 218 5538 7725 7503 202 6720 3763 7465 350 5934 5760 4625 6211 1400 7985 6343 5315 4591 5958 5836 9238 4382 7152 3630 7294 25 3924 7474 6716 9679 8021 4664 2770 7320 9261 413 3019 4787 5667 9876 9772 7686 2499 3061 2296 9420 1962 3361 9833 7935 5839 8568 6086 9674 7505 2953 1376 1760 7975 9992 6146 9327 2293 9688 1302 5263 2417 3159 6209 6691 7897 7911 7088 2318 59 6180 1817 320 1586 6193 7746 3954 3637 321 2584 2034 2091 7273
101 5649 26 3955 2087 9574 8861 2544 9793 8651 1287 6001 354 9385 8604 9232 6125 609 5387 3784 8096 9604 9144 9807 6032 4562 562 5555 622 2867 5568 716 3760 7855 2093 5244 3428 128 6165 6138 2929 5148 2649 8638 4335 1212 9590 1446 6043 6037 2006 5171 6965 4864 7282 1603 1741 8600 1520 1775 1290 190 2870 1732 515 2693 3204 4977 4782 3055 8455 1923 8023 3003 8115 8673 6688 4191 7914 2787 2888 1308 8366 2822 3535 82 6729 5430 2089 9951 8716 2653 6403 5841 1658 6860 8052 2896 3952 7905 8486 752
91 2533 6813 3654 9908 8050 3818 8899 3835 9253 9321 9859 864 7098 1809 9581 9220 4995 556 7416 1545 3048 470 5949 3490 4236 4638 3263 4439 9496 6824 4288 5785 6407 7759 9059 5857 4390 7372 471 4552 1725 982 7862 7859 5773 6144 7899 9716 9072 6538 542 1336 9758 9436 4756 4330 2325 7979 221 7500 4087 6363 5137 9225 6476 2077 2539 9215 8621 9773 2289 676 4704 8362 4882 3511 3426 7493 4139 6937 2104 7716 6461 8363 67 3479 9070 1949 5933 3757 2248
98 9299 5435 8642 4388 8921 6118 358 5490 2240 4723 4930 7481 1085 4948 7044 9987 5650 5088 7795 1201 2068 1797 2924 3513 8347 8774 4498 8715 4911 6838 3267 9390 269 9248 7521 1421 2070 258 7365 3039 5908 863 5728 2326 1147 3922 5141 8280 2951 4610 6780 1789 6383 5256 8532 8458 6506 3247 2409 9114 5588 886 8275 3049 5835 8622 1211 8180 2359 6696 1387 1015 4458 1636 2263 6840 874 2251 6325 1952 1961 2184 4554 6252 5823 2901 9352 1838 1472 7305 7894 4771 9285 3994 8741 5042 4379 4848
108 1860 965 2941 2033 7130 7369 2831 2057 7346 9393 5404 4561 7962 8364 7335 8629 533 7183 1613 5161 3663 2572 9764 6997 240 5608 8160 7999 3382 8573 3934 4054 3997 9921 8739 6019 9425 3960 9290 2225 1954 4009 3559 1213 3524 4974 7922 2221 1943 4794 1539 5565 9027 977 96 3131 1807 2569 4260 2708 3733 6449 9433 7827 7240 8563 4581 5319 3617 6354 7108 7062 1048 8636 2710 865 9078 8407 74 5995 5153 4256 4176 6088 5453 3782 9914 6521 6340 9673 2181 4728 3823 3514 4134 3938 6147 8631 6574 265 5487 5075 5902 830 9928 7866 7262 3300
108 9953 166 1711 531 5801 431 6404 6192 1648 3324 5206 8373 5472 6910 4301 4427 1750 6884 8034 312 4514 2287 6492 7736 7721 7864 8394 7443 8674 4169 3873 5493 7201 1176 4278 7743 970 3041 6554 958 8851 4753 6541 7669 7831 5960 3566 50 4893 2239 7964 8997 5887 1829 2991 4013 4055 1220 5999 2185 1022 6067 2522 5452 9333 4964 1363 6682 3137 6185 8121 6634 4923 3483 9814 4083 8945 3983 1730 6901 7824 9487 4455 2150 3583 1101 4431 9684 7731 4114 69 9037 791 4124 5065 2279 5310 3461 3530 5181 359 5716 9812 7007 3278 4685 922 8927
104 4733 2375 3949 3899 7310 9769 7966 2061 3875 1514 3754 6755 788 7020 1187 1347 8338 5411 194 2926 3584 3740 1480 2411 2030 8876 9500 7394 570 3758 111 1874 2687 4167 7674 2210 6629 173 5536 8850 9274 7377 5898 8196 6520 4765 4626 1830 4492 3903 90 60 6549 1774 1311 2001 8217 7703 1016 818 3245 104 1102 2282 8624 8466 647 5813 6756 6886 2730 4354 1650 7447 3876 4883 7055 7790 8216 8260 8162 1114 9369 2509 1434 4943 9749 168 8244 6198 8323 9199 9148 3347 3794 6867 836 5191 7402 7994 261 1606 6665 195
110 3102 6448 4084 4336 8290 4831 4673 8866 4568 5589 4950 9530 4953 1795 2638 7741 8401 9246 3110 967 3258 2505 9828 8120 8383 6951 40 520 6848 6471 883 2018 3351 7887 3908 2175 8013 4703 4604 9407 8242 1869 8579 2640 117 8357 6550 1594 439 3518 6715 1356 9481 7895 5156 4617 1587 9295 5696 4202 7678 8123 3269 7012 1099 1036 7343 976 5043 2019 9734 7498 9366 2494 7029 3287 3175 157 3238 7221 9795 4575 403 3338 1122 7998 3645 7794 8807 5134 1508 9259 8630 1980 3195 7336 7134 4147 3925 2157 6873 8683 469 4579 5094 7164 4257 6964 7091 4117
110 2636 7838 307 89 7558 7351 2656 8171 4089 6543 738 6568 2427 5197 3701 711 756 8111 5309 4650 1622 4195 2782 6684 5248 107 1731 6308 9869 2761 5931 9252 2837 7129 8661 5282 4246 5076 2718 2742 1158 35 5881 219 8108 7327 8376 6416 5766 5388 5438 940 6309 8693 8190 9796 9444 8827 3656 6957 9640 1318 8679 7421 2370 3030 8897 8823 9589 4790 8855 1671 4519 3199 4043 847 9200 4222 3475 8964 6701 4212 3489 381 9527 4268 6229 7876 3811 7626 9472 9082 9297 9599 1487 3455 6596 5989 1128 5961 2563 400 2324 2377 263 8535 4875 9136 7231 9264
104 38 8918 4841 4306 3909 1170 1967 8053 9598 27 9746 2864 9799 2310 8550 3723 2013 3057 8472 9392 299 6800 5596 9152 3317 1058 6736 4697 2654 7634 7692 3573 147 1148 1021 8735 7415 2346 2073 1409 9080 4035 923 8510 5460 3190 1027 405 7324 6710 2502 1873 3874 4528 3564 1422 5159 2802 3942 2781 4497 1845 7490 9206 5627 6107 1484 6135 2272 3616 1915 4793 1439 1144 5327 7744 4331 2305 7280 9868 5540 1475 7207 1069 7854 2083 7066 7841 5 2681 167 8566 7917 85 2967 9631 5475 3872 2358 5346 906 5233 4675 7852
108 9107 6926 4960 6895 7849 2977 964 5025 255 7664 2203 3098 4692 4994 6870 4274 2777 5625 1407 7391 8729 7306 3767 1697 6827 6582 5199 3088 4971 9696 3105 5602 8389 8894 9860 8431 2131 3866 1227 6379 3033 1428 4027 7115 1080 1184 129 3651 2583 4205 2969 7325 7546 2611 7813 2992 9675 5781 9965 5468 9108 7658 9825 2103 3179 6208 5580 7457 1745 239 7620 6661 3025 7928 8758 5170 2381 5366 3207 3941 7619 6429 2290 5897 4679 4682 1562 4437 4837 4551 114 1426 5609 7211 8966 585 7141 1163 3104 242 2658 2321 4937 3726 9389 7176 9308 6919
107 9421 1950 786 2444 7015 4428 9 3360 1721 8257 3058 1871 9497 29 9457 3433 8090 3487 6081 6038 1358 2038 2475 1491 2214 8441 5834 852 8103 8384 2838 1276 3913 7366 4862 108 3998 9587 4186 5162 5455 2088 718 9105 7188 8420 518 9130 2440 7584 1253 1467 8287 9895 7618 7632 5690 8214 1340 134 9717 1724 4904 4505 9690 9362 9808 1424 762 1473 7468 9779 6056 5002 2165 855 5331 4440 7850 2648 595 2912 1438 6928 8591 4483 5715 4255 9231 1306 500 1953 6887 9934 6528 437 9462 4308 3307 3331 5963 8787 1207 5737 8826 675 616
115 5821 5877 8193 7268 3233 5081 7710 5314 7616 7652 7896 8491 2897 217 3957 8349 4179 1595 1481 5911 2247 8404 3807 5226 7918 8542 4955 8635 657 6136 1832 5063 2480 6431 8709 5005 8911 3626 884 2616 7096 444 9244 3079 5885 4999 7569 1445 5637 397 1764 9406 8390 9065 6300 3565 435 5734 2644 5577 9217 9736 7398 4886 2954 3880 8382 6924 7971 9632 1850 8207 1196 7965 88 1855 99 9229 8215 9494 1229 6414 214 8766 5945 1247 7797 6442 4488 1549 7197 9904 6399 697 8514 5459 285 5177 4865 1863 3780 2651 5471 798 1495 1599 4755 2980 4214 6501 3648 6283 6480 8640 3730
116 8655 9382 1034 7237 7352 4981 9931 5030 700 9595 2343 6558 6898 1640 8027 488 9842 33 3833 137 7880 9588 2329 9241 9178 4094 9443 7956 1076 7984 7989 9521 2142 7161 2716 1975 2566 6227 961 9014 2213 9281 8138 3065 2388 1715 4092 2836 733 7789 6725 1654 7332 8158 4641 294 3252 5532 2848 2760 7877 5991 9552 4399 9349 9711 3993 7535 7751 2823 1746 127 6882 3177 2588 2865 2606 2496 2268 5672 3501 3710 935 3288 9525 4556 6073 3540 2675 9319 3134 3231 4738 3858 9620 4817 1435 6145 1680 782 908 126 2270 8667 7322 1307 8857 5432 7482 7059 1703 7426 8706 2317 9501 5035
111 1448 9338 7193 6110 821 5066 4743 6571 7512 7460 9714 9175 1591 6233 861 1926 9221 3660 7663 8662 5664 4305 1204 767 677 7727 2237 362 6617 6238 3106 7791 6426 9579 6667 2595 2776 6319 1418 7592 7245 8004 3633 6683 5529 9294 4297 5486 9361 2275 9488 1956 4019 2140 9549 1047 4775 73 5078 8399 5843 264 6293 2449 5047 4580 2800 1932 8983 7765 5496 3147 2035 8811 5607 8552 9851 9575 9823 4636 5485 914 7423 6332 8476 6150 7651 456 8551 4272 872 1752 8081 4563 9216 904 5122 4529 5096 6382 146 8456 6991 6864 9618 5219 2752 9789 662 2573 3135
112 5230 7367 2979 16 7544 1214 3989 5973 1393 9098 267 896 9031 2623 9197 9837 1106 1123 1558 4290 1246 5829 9748 2084 7775 1001 5705 7052 2042 7142 3927 6368 55 369 1806 9376 599 1683 9893 5390 729 9156 8317 6754 1559 2809 5544 368 5231 2479 4543 8690 485 8102 3935 3965 6128 6177 46 1012 5643 5668 2540 3488 158 6858 9400 9332 3885 6218 6370 9853 6124 5268 3558 9798 4459 6457 692 7869 2304 1143 1215 7363 7480 2385 9906 9656 7892 5826 8671 7556 8936 5648 3140 5010 7355 3795 1354 674 4377 9067 9329 7448 2292 6767 1243 6803 1531 21 3843 653
114 3311 6310 4845 278 302 9423 8054 2552 948 9891 8263 4942 3698 8359 2110 3216 3396 7817 8903 9099 8003 3470 4023 2220 9672 5093 6664 9298 4830 532 873 5020 5752 5647 9251 1899 7271 3151 3761 6196 2614 9124 7622 7913 434 1202 9162 9584 712 8371 184 7605 7070 236 3032 9466 9364 2008 6784 8302 6103 3205 7564 3196 3081 4934 7434 8986 4915 9379 7076 1983 3185 5049 907 1089 5799 9429 1329 1858 2170 9847 9445 4351 8507 9470 9123 6883 2243 9822 5571 4676 3007 3825 2600 7976 9952 5069 5300 6515 6985 1875 4926 4412 8771 3799 6856 2311 2418 8947 6421 5906 7993 5224
112 1345 9626 2162 6239 3385 484 2233 4106 2535 8761 2565 6478 5058 1364 9387 3070 2078 9942 834 2349 1848 6855 2259 3237 5414 1707 5123 5623 9112 6474 9643 8825 4276 6244 7212 5451 6912 9090 9131 5115 1951 1342 6288 271 8812 3497 1609 799 6545 2367 9503 7330 905 1490 8720 4116 6984 6594 9697 4359 3329 7119 9815 9745 2154 1884 1324 9373 4328 9208 1843 5121 2508 1676 7313 2163 395 1513 761 6631 6504 8548 6837 566 9596 6397 4851 814 3439 4778 1655 825 4407 6970 3507 8748 1604 9659 5706 666 5820 3753 482 8923 6372 2645 9624 9247 2609 2477 8646 4503
200 7499 636 5481 5061 5913 424 3856 7898 1989 4243 2596 9898 4194 7842 2806 8633 6065 8710 1835 2339 7884 2280 1957 7238 9855 9456 4425 7241 8402 9663 7418 3742 4406 7673 465 3359 1987 6899 8481 2076 6976 3249 4785 1904 9797 8571 8291 4584 9368 6194 5959 8554 7084 525 7816 1441 4838 2580 4812 2037 6077 3789 6891 3790 8092 6212 7462 7799 900 7247 7216 6779 7359 6085 451 4022 3658 8959 4966 5175 939 7769 110 9520 9328 7773 9335 8337 8762 7451 156 9442 2125 1459 4660 8473 707 1588 3668 4493 2955 8595 901 4445 9155 1565 2538 5298 827 2743 9978 2878 4232 8821 9767 2633 5192 2659 9242 9989 5509 1055 8718 2003 2817 4544 8694 1804 9724 7274 4691 4572 8556 646 2739 8296 8838 2312 6468 5526 7806 932 6740 1868 8770 8110 8018 7643 4608 1579 5124 6651 7302 8663 7086 6274 5385 3444 3266 2074 8793 4154 7230 5417 501 3100 1910 6441 841 5797 9280 5722 3592 7748 436 7376 2299 4315 1154 8320 6679 494 4592 7698 4376 8618 6741 7582 2337 8577 6168 6828 3527 466 3239 688 6279 4228 4451 7124
101 5895 5255 8996 8989 6084 8689 7071 2269 755 7511 2635 2267 3672 3691 5776 3286 1698 6070 8740 8325 9051 668 4446 6481 5016 8493 101 5039 9998 6120 3423 2425 2988 15 550 2812 9508 7220 4265 3619 4656 6530 2738 8725 3157 9887 7215 9320 8547 3375 9932 1641 7867 3999 8422 486 3854 8919 1091 2734 4149 596 5542 8915 739 7925 4284 5448 6231 8091 7339 2601 7615 9592 9995 4698 1117 9017 4248 2637 5971 1610 4842 7126 2889 3096 5227 83 7478 5638 6484 6277 9670 9686 7185 4070 8541 587 7902 9582 9395
111 6605 8650 410 3451 9644 3408 4111 2683 567 448 8082 4180 5576 3671 6320 8000 635 7063 5853 3212 6115 2443 8656 9642 7209 8869 9721 3847 1918 8328 4627 4273 7635 7218 3142 6497 8912 6206 9794 3756 3165 2723 283 306 1007 4468 9043 5216 9966 7988 3748 7783 4287 1136 4796 6804 6387 8326 1111 5151 4188 2115 8732 7644 7543 2470 6994 8033 9712 7655 3905 8487 9236 7075 2862 6732 2112 4975 8341 9250 9207 6863 1717 7149 9022 9034 2995 6055 5790 1644 3200 5723 8509 1668 6377 9184 3516 1167 5398 859 6052 7445 3525 9167 8375 5026 1198 8141 7959 8035 3420
114 8285 4569 9434 5993 5743 1040 7435 6656 4145 6104 281 5204 5240 8187 5126 5948 1551 9506 9507 2149 4237 1634 9418 3667 8516 8648 3620 1230 3709 9024 7957 3597 6819 3075 3035 8589 4531 3813 9594 6742 5211 1468 6567 8198 7239 1437 6281 8378 6158 2198 1819 9535 751 8297 5099 9870 5909 2852 4496 4461 6297 5547 689 7738 4815 3184 328 3974 9223 1776 7628 3841 7473 1121 1183 198 2562 2807 1374 9117 3864 4637 5676 213 2097 9963 5582 5174 7637 3912 4311 1840 9139 4826 4292 4822 7318 2696 4991 9937 3770 2152 3665 9602 6584 1463 3290 4146 9460 8865 5383 9060 4706 4471
114 5616 9836 7640 7413 497 2111 5295 401 81 6026 7808 777 9678 4947 5004 6718 8197 3755 4982 6350 360 3094 8310 617 7767 7883 999 1355 6835 1261 8834 1223 5978 8266 4823 2883 5778 8289 871 6112 1592 1782 2657 2187 5863 1547 2704 1294 9979 2682 7586 9633 322 7991 4467 2549 9010 5682 2626 8898 1550 1436 5567 2751 2081 6396 4690 8854 6636 315 1866 1456 815 6760 9760 8276 6934 1976 1451 6470 1798 8708 2525 5825 1543 4185 6078 5261 6783 876 2820 9896 5165 6475 6773 4410 552 9977 2695 2105 594 3156 8526 1582 8669 5239 1205 6023 6641 3816 1529 273 3294 4665
109 5694 7140 8733 8619 6391 9062 4068 8300 581 3494 1174 1497 2589 1709 952 5173 1533 997 6893 2923 2827 3308 9166 9725 7642 9970 8615 2794 772 7370 4933 9759 4368 8189 186 4574 9586 1941 840 7563 5730 2399 4684 7347 9339 5294 6392 6830 6447 1766 5984 9677 4819 6580 774 3830 1003 6655 6643 2357 136 771 934 3168 2615 4570 1568 723 316 4261 8299 6298 7763 3986 4863 7680 3413 2745 6278 2784 3921 56 9924 2670 3853 7497 5273 7671 7374 3008 8353 7713 4961 9874 1218 8942 192 8144 769 3800 6455 3261 8480 9544 2869 2825 8734 7038 5139
110 8518 8841 7299 9742 2389 7758 8681 1312 9651 7709 5397 7452 972 3044 7199 3798 5541 5579 296 5762 1404 7131 79 2188 3318 6049 4160 8288 5684 6940 6793 2537 339 2763 3208 7631 9986 2160 5059 0 7208 6402 1156 6949 535 6265 8572 2608 3330 5326 3852 1716 1071 3042 7843 2146 4463 2705 6955 9664 1427 5367 4476 4879 5899 2458 4291 7138 9405 6516 6013 2100 4474 2080 3606 8386 6809 4668 9257 4125 3348 2740 9091 3686 6314 2485 2689 8665 6443 3160 3736 7830 7440 3028 8969 2853 3967 5894 6216 4174 6539 2918 722 7429 425 5502 727 7277 5343 5441
218 5954 1059 1168 445 1190 539 6166 6253 5279 4161 3985 4772 174 8610 9180 831 463 2462 2436 5021 6059 9276 8819 2778 2697 7624 2934 5412 4142 2429 4894 8904 7853 7863 2943 8984 5792 75 152 4074 7961 8555 7463 5208 2000 571 165 6264 8477 7699 8239 5234 2728 2816 4713 897 9312 8537 1767 355 4751 9802 4049 1237 7679 3910 630 144 4749 3510 1659 1563 1330 1977 3777 8231 5524 9839 9702 5845 9708 1934 8736 2613 3301 3432 6781 6436 1316 6490 1417 8503 5232 2020 335 6672 5919 913 4219 8312 2593 3855 3234 7077 1569 5470 2199 7379 5280 4681 9875 5775 5858 7950 6465 6625 1454 3731 7186 4996 7641 131 7687 8268 3926 5736 8808 301 5272 1240 4140 36 2799 6866 2424 6184 2844 5749 8859 6433 1637 3580 775 2762 8011 2650 5733 1862 1295 5053 2664 386 1209 5354 1754 7242 6195 1930 6154 7530 3502 8702 6130 3608 9885 683 5306 5677 4701 568 7155 8169 734 2526 4456 3471 6956 6491 3303 4866 9188 1292 4415 8581 4270 4192 4495 1157 6907 5434 8002 68 5086 1507 5674 4647 8351 9996 5798 5413 6927 9230 7304 3774 6556 4321 4015 9649 3719 7439 4133 7323 8153 1935 7483 9562 9658 1633
116 1895 1489 9830 7100 3724 6428 3570 1786 5358 7198 6975 235 6114 6082 4560 1548 2277 6735 5089 4688 7105 9636 8881 3068 3197 4860 9637 9122 3991 6601 5849 8354 612 7677 9322 9193 7040 8367 832 822 1889 1744 9478 6854 4564 2148 8786 8346 743 3430 9534 4025 3223 3244 9334 3725 2094 9910 5932 9873 2234 404 3416 9566 4642 7022 3400 2772 4721 7312 179 2242 7612 7623 749 8414 8073 22 5033 441 8038 8717 8136 3129 7912 8939 2011 5530 3405 4607 9383 2617 1880 5200 4398 6531 7733 9048 1526 7293 6106 7045 169 8037 2970 3271 7513 7539 5880 7756 1082 4371 6126 7924 6807 9826
105 180 4349 2746 1341 2138 2416 2246 1067 1035 7536 349 7611 2542 2855 604 8782 2839 8014 3662 5260 1098 3373 5488 348 3581 5944 4689 9811 7829 835 7328 1224 4064 6622 1960 1181 5810 1283 4980 1109 4705 5727 2570 231 4829 5312 8531 5116 9829 2211 9414 9817 9028 1803 3 3787 1 708 1314 9410 4757 8234 7446 1017 9560 4708 3434 8954 9980 741 2291 1996 3551 8814 5207 3585 8703 5699 2426 8316 7960 2168 7168 2517 5926 415 5847 651 7267 4048 5454 5119 3014 6825 6624 9609 6335 1674 4744 4956 9821 3838 9089 3603 6894
114 793 5100 2759 686 7250 2273 2090 8660 5816 1751 9752 6432 1377 1251 2632 8926 2974 3693 9340 4843 7903 3281 9768 3969 3074 768 6164 7393 5550 7967 9585 5806 9345 9611 7171 1919 9272 7570 3000 1346 4986 2108 8910 1812 808 6769 6417 7607 3209 4163 5107 5332 3092 5916 4602 6654 5545 650 4313 3482 423 8413 4172 3752 5128 1714 8006 2909 3734 462 7387 3037 9476 80 7691 2856 2463 5657 5800 160 2859 4032 5508 6642 2054 2219 2401 2179 5769 6717 1537 3666 6992 8728 8603 978 7565 3860 1095 5293 6509 1522 8575 352 1911 4777 7371 973 3337 4630 7646 5537 8175 1083
120 7479 1457 2376 4249 1155 3839 9988 4091 9792 9645 2012 5953 7217 4486 5856 5338 8056 6841 220 3857 4792 3364 8691 1553 1462 603 9916 6930 7470 5145 4978 2930 2860 826 3751 1172 1042 3804 7963 1402 2460 164 6635 9958 3326 8772 4206 7412 4813 990 8130 9446 8928 6267 4582 753 5384 6466 8344 3499 4090 6618 3641 2990 986 8858 9006 8419 3472 7226 7947 508 5593 8909 9256 2047 2910 5521 6532 4881 2737 8109 5097 3122 382 2985 7025 5519 7977 9002 6929 1995 17 2647 8905 4683 3526 2017 1088 8902 2721 5281 9408 224 1138 5975 6931 1876 1192 1973 409 1831 4800 2764 1284 4320 3099 6337 3537 3728
110 3117 6834 615 4616 8105 399 806 9925 8437 4752 6542 6792 2735 9715 9619 6389 6776 9412 9040 7796 551 5711 714 7360 9032 2631 8908 4549 6352 7287 7740 2258 5164 250 6628 6610 2902 9834 9791 660 4226 1912 8700 383 9240 819 3108 1527 4658 7047 2717 9957 5513 7670 8818 1733 5884 1771 225 7219 2814 966 2448 4341 9718 7851 9600 6540 7803 2808 8059 7348 3495 8421 9971 7236 2236 2200 2546 1945 1993 6477 2726 3253 4725 9593 8878 2217 2972 5956 9493 4695 237 4348 4979 1667 7845 2843 5142 5660 1369 9435 9268 2362 2116 8833 3275 9021 3376 4803
120 7030 9403 608 1917 3264 7195 9709 9940 4523 6623 1362 8870 9119 2842 7285 4441 5144 5583 6344 3814 7983 6240 7847 3669 713 7386 7688 4844 9100 1596 3046 9514 3335 5972 8896 4810 3392 4234 4623 2169 2085 4112 5241 796 2459 9705 2403 6944 3078 7484 5236 3073 4373 5662 2625 4031 816 7954 5833 325 4224 8978 2430 5901 1669 182 9903 8129 6563 2908 6916 1864 8830 7996 6836 8765 6614 4039 7033 1621 6921 3788 8046 3473 8016 3484 3819 5838 9927 8340 1966 343 7461 2002 8873 6658 9234 5265 3806 4532 8791 8199 5257 7087 3718 673 7120 5201 3374 736 6307 1385 9701 2660 8994 4387 2928 6707 3575 3236
114 4774 7200 5630 4686 3703 5245 9483 7150 9025 5011 2158 9862 6415 5977 3220 3299 3141 8704 3006 3738 3689 9838 2512 7573 2553 2171 1460 6559 2207 3642 6068 7720 5160 7591 7919 1478 6101 8374 8224 8186 1411 3334 4954 4325 8459 3567 8976 4805 5634 2395 2779 4122 2863 5796 7290 1704 669 1328 1938 4674 8540 4761 7779 4012 2315 9685 4066 945 4098 848 3256 5962 1090 133 9480 5659 8161 6097 8410 8570 8279 7442 3953 8637 5921 124 4769 6702 8318 4240 6333 7210 9806 1578 5203 9999 5205 2819 6092 2946 8076 1104 3171 4389 6012 1783 9365 9187 9291 6777 2180 3829 7910 2193
109 7080 8064 2397 1824 6161 2541 1258 9474 7156 5784 3101 2592 6789 2129 4939 276 2136 6499 8862 8738 8298 4102 222 2354 32 1528 1877 7095 9378 4510 547 5274 8045 5379 6900 6487 2641 8301 811 9831 6345 1571 1368 5615 416 7810 9668 6983 3898 8832 4993 4913 9174 3229 2620 3112 8842 641 9063 3744 2113 3888 9526 9704 7541 233 113 4383 6489 1025 670 4100 5364 2022 3422 1375 6639 2361 4885 253 6005 4365 347 5350 8515 1269 3773 2849 2690 1821 5114 8504 4959 6446 4386 387 297 4824 7776 8230 4231 2964 1780 1886 7495 7111 492 621 9287
102 9233 427 8645 6361 1351 6388 8463 8680 3655 6814 2835 3868 8695 909 7559 6464 9890 8844 1937 3783 2195 8536 5166 2556 5850 5947 6948 5560 7432 245 2773 3966 6865 1137 9121 9316 8884 1390 6268 7778 2486 6205 4935 7865 7837 717 7234 3464 3221 4520 5456 7296 8400 2133 4760 2253 2023 5764 8856 7388 6460 24 4594 8882 9850 1914 2832 5235 6099 7014 8524 93 6593 4724 2571 6597 9625 5316 4596 916 889 7406 23 6936 1286 9676 7202 210 1525 1688 5138 4007 2274 5981 4590 4716 5195 5707 9137 6284 4002 3323
103 5297 2882 3539 8311 6472 6602 3214 4644 6687 5210 7606 6922 681 4781 4395 3968 6394 6750 2518 9518 7431 4062 1105 1574 4358 4215 7048 3673 6620 5325 7041 2461 601 295 7023 2560 8934 474 4537 4004 9214 5837 1865 7969 9713 7065 9737 496 1749 4615 1327 2404 5815 4732 2191 2971 3343 5512 9577 3741 6785 8495 529 8929 7968 6258 5860 1682 5055 5786 7786 5410 2574 8213 6054 7133 6424 6677 975 7013 3388 5252 5939 7522 7771 7946 1778 3802 4183 9693 9189 7986 3515 7538 8785 4227 6009 6093 2665 9266 1406 6849 5313
162 6971 745 8634 4037 9159 379 7580 6452 4464 9358 1813 9800 4283 6519 7873 6199 5285 8892 4069 1013 1401 7955 4892 3357 8165 8443 1647 8608 1802 3696 7647 8607 2643 6806 1572 6292 1135 1888 9115 61 7257 1395 1236 6747 6121 417 4394 6890 4318 731 279 2366 981 8113 7524 7682 950 4506 7082 3417 710 2132 2669 9761 7519 1285 7857 637 6127 2504 9467 1814 632 7702 472 1225 340 7395 4138 4442 6844 7173 516 5185 1620 6708 31 5624 2016 2204 5896 998 8752 327 1140 6263 9431 4873 1662 3764 6534 2661 869 6202 8335 4745 9948 7811 5095 1805 2498 4500 5202 8273 7031 4233 47 8525 3398 4661 9459 5082 1535 4352 9219 1053 5182 5855 9450 2688 7872 867 9161 6438 7301 9120 9305 4073 5678 5429 9943 1248 49 1665 2408 4017 1737 4086 2172 5747 2454 6186 9468 4535 8282 6250 3435 4466 6033 1326 4969 3358
115 3345 8024 4517 5917 3453 4452 4258 1971 1837 715 3034 7261 8116 1349 3678 2015 6069 3664 522 1505 4485 9504 9492 9047 7314 3832 8225 3198 5180 9001 2336 5941 7846 5321 2126 1825 4267 8385 8944 2993 2804 5854 9086 8267 828 3320 5974 6666 5333 8010 3538 8258 2331 8427 3154 8417 8839 1232 1239 5143 5355 1512 8019 8442 9788 2405 9502 8891 9077 1727 8796 6603 1988 1024 5782 5302 6247 9608 6788 3577 1132 4884 8699 1180 78 5996 7614 2699 8061 6810 7547 8950 206 5247 5029 7667 2534 1894 2914 3328 4213 1712 9177 4555 8777 1581 8025 2519 6015 9012 6045 1002 9866 8931 4929
113 1601 8836 875 7307 4859 8601 3846 1267 8505 4968 9962 5169 1666 8676 2532 4076 2447 4903 7772 6315 3132 7951 2976 9029 5229 7072 1561 2805 2052 8087 6356 9990 1985 4898 5744 171 5003 2886 3124 2666 4618 5292 9254 1242 2769 4401 4576 1913 4967 4807 2265 5501 5554 9982 9550 4198 118 3139 1477 502 4360 5890 2356 8562 6815 7400 4470 575 3995 7471 2456 3241 4374 9374 1575 1317 3126 2921 561 7940 5133 1757 5510 5742 7192 2684 3203 7477 9061 3183 2284 7815 2466 4553 9293 4976 746 8411 7380 6979 903 230 4657 414 6566 408 2098 2351 1263 5073 5759 459 8609
110 6607 228 6877 9353 175 3837 1566 8632 4619 153 9902 1141 9260 4962 1056 8333 3840 7136 6395 2323 3796 4919 8991 4515 6846 7160 957 2442 4152 5444 5955 4825 2492 7002 7754 2412 7768 1350 9454 9854 284 7103 9841 1808 8271 2380 1922 6469 8809 334 3681 9770 4877 9622 5262 109 438 8817 6657 8801 5223 2997 665 8086 7654 8 8093 7436 3279 3370 8095 1861 7104 2952 4524 6637 7184 8409 2176 8444 5543 3844 9026 1729 8956 1510 3322 5998 5988 2455 6299 2766 8067 7317 3750 8594 3711 8101 534 3162 4372 6561 2627 6503 4408 5320 2205 5925 5514 3148
117 7973 6108 3677 2114 4655 3554 7537 7190 8583 2159 3704 2451 2514 2894 2513 5756 9727 3982 2906 5423 7001 3988 1933 691 2753 4846 5551 62 805 784 7717 9201 7601 3146 9132 8188 5426 6633 3817 8321 6072 1430 7579 7206 97 7127 3612 1686 1645 4204 776 4367 5511 4262 2369 1629 8255 5666 8031 9138 2230 2490 839 4603 4827 4473 9341 498 8743 1077 6518 4717 6200 7901 4050 528 1605 4526 3133 530 7774 9258 8578 5814 8597 563 5074 3336 3085 2390 8714 5566 7078 7085 1984 6172 1844 8543 947 3591 8462 5131 7588 1534 7723 4072 3080 2803 3457 5500 9265 4808 7980 4559 4429 7224 7248
107 7264 1433 979 7154 1488 2775 6974 9301 6182 5393 3066 4165 5483 9074 3206 7561 1094 2137 626 1679 1496 6685 5283 5085 5018 5276 9044 1694 1476 1796 1081 4855 6874 2238 3877 1166 4420 2029 5719 4457 2824 725 7932 6074 2227 6327 5873 3897 6024 9848 5215 480 505 3683 8324 7181 9057 9372 7915 8751 8961 1338 2206 6967 3607 1453 5154 8948 4350 7121 367 19 9827 9683 3111 2309 1096 5334 779 4487 8022 3409 2040 6871 8684 4538 3001 8077 1854 6585 7675 1331 3481 1793 5520 4229 6151 6730 4252 3480 9730 546 5506 4209 1070 4199 1260
107 2578 8797 2050 3769 4051 8176 4714 3587 5278 9733 8228 1590 1075 1273 9612 6272 5967 77 6590 4370 3067 6169 3449 4548 4101 3940 9282 6595 5446 3613 6473 5518 5937 9396 5220 2075 282 6989 643 5179 7172 2925 9133 177 6572 449 7338 7270 6456 7094 5064 2698 4353 2919 6630 7444 912 4832 8235 5726 3186 2024 8545 7225 9542 4381 4426 7114 9304 1127 7800 6564 205 1074 5258 8659 3202 1532 7551 3676 1979 537 5889 9394 66 7506 8065 3149 9050 7227 5771 4095 2055 9956 2383 7279 257 5028 7049 5290 8769 8430 8672 9614 5923 9972 1856
111 1405 1646 9318 7112 3987 3561 2051 9964 7081 790 9939 1298 6829 4511 6044 5700 3052 3596 8140 5969 2789 3296 6513 2945 9634 9404 797 9861 138 280 6821 5818 3467 4711 7143 2655 2576 2072 4712 6411 259 3155 2756 5362 8953 3879 9399 2414 1419 9490 9692 5357 5957 3815 2044 8313 2177 9181 8315 9279 2982 1274 7427 8922 8780 8875 44 846 8845 490 4230 473 8686 3828 2107 7627 9226 9639 8071 6739 3254 5427 602 251 8423 6988 6794 3812 3127 685 8522 6286 6241 9087 9083 7974 7361 6533 3604 4542 4547 949 1479 6075 8428 7422 8170 2303 7182 2235 1348
120 2550 5407 4046 9580 7125 6027 5866 6285 2676 7636 1250 4221 2587 6768 2874 9371 120 8584 8553 3036 7288 5569 6599 7295 4700 191 1853 2406 2994 246 8451 1857 9650 578 6713 5997 9309 9486 7494 2391 6270 8048 8798 4156 9196 6982 9073 7593 9163 2228 5243 4764 5595 3313 8084 2281 3732 2415 4972 7629 6269 4891 1320 4316 7726 1045 4527 8726 760 1050 9920 6939 453 5056 351 1471 1280 7528 9464 6348 4938 678 2096 7397 8185 9835 5032 7953 4436 7456 1673 7132 8788 4897 1008 1955 9621 5599 5341 7676 3529 4918 4253 3851 5391 8220 5317 2893 4640 2847 962 4480 1049 5400 1173 9561 6745 9323 3523 4887
112 2254 899 5045 9348 4577 592 2590 2854 8221 7835 6581 3775 330 3627 1265 9881 7685 6529 7350 392 2161 1383 2962 8654 6450 385 7560 2577 7135 7381 6748 7594 3907 5942 8259 5299 2931 1964 4643 3971 1696 2757 4909 5628 2948 1470 8980 1171 6245 2531 6888 4952 3917 5103 1689 3956 8106 6220 6058 9743 4836 1970 1540 4797 7518 5336 4910 6942 8760 6832 3586 7657 5048 9755 3418 9409 8992 3746 9573 4469 4356 2829 7929 4077 256 9539 3623 8557 4472 4247 8670 292 5324 1334 9894 1032 9218 5288 6652 8995 2079 5083 2118 9545 7425 6444 4801 7581 7527 9735 794 8484
113 9818 8863 8494 6845 1093 95 6191 9106 8803 2123 2276 9738 7026 6650 795 3158 813 6248 7625 1120 1849 8440 1367 3262 1718 679 9267 7165 6872 6116 8252 9103 8778 4734 7353 1264 8471 5323 5217 5105 432 2453 1635 1379 6255 3063 5356 7177 3399 7389 3384 706 8925 7334 6419 1651 4740 2579 9191 943 4482 9337 2402 1458 6139 3929 4324 3021 8222 2151 1066 2373 5214 4449 1693 3500 4907 3972 5376 2031 6234 6816 6213 4901 2780 9641 1902 763 5663 2218 5436 8513 1968 8831 995 2384 467 3778 980 6287 8617 3508 4047 8418 6502 6941 8641 2026 8784 8164 4908 4052 5761
111 1705 6611 7028 7729 2607 3002 1044 4814 7326 7666 3792 7364 2301 5067 4852 3975 4990 252 8433 5685 1867 6698 2939 7992 8307 6963 3735 4414 5237 6048 2712 1389 5218 3624 6959 5445 6695 4534 6947 6578 1323 6051 2010 7515 8264 6648 1663 7970 2271 1617 8044 2895 7576 8173 5632 2438 489 3826 7793 983 9923 2082 1792 2975 2530 4271 8470 4241 6697 5130 6105 506 9438 2393 6148 726 5653 8952 5966 780 9900 5186 4118 2039 8815 487 9292 1692 6149 7540 1297 1702 3848 4652 3144 6390 6338 4337 8134 944 5811 2471 6703 1179 7187 4164 1485 7308 9694 8118 2229
117 9413 930 5721 4119 8802 3611 5342 3340 3232 5213 5024 1366 344 477 1672 5007 1450 619 645 2899 6728 3634 2876 1343 5102 293 893 2027 719 6434 9042 4727 9092 3027 6080 7037 7179 2278 4454 890 6342 7260 3295 5269 560 824 6612 4123 1110 9094 9192 5748 3722 43 8521 2244 1878 341 9134 5330 8789 2554 8339 6782 4902 4061 614 2968 6095 591 7747 3103 5465 8253 4629 3797 7243 2903 1255 4196 8792 2099 2481 2927 9776 2049 6548 6423 8871 843 2250 4375 517 6517 6935 1305 5296 7934 4998 6323 6117 2585 1118 6163 8499 7695 8157 5270 9762 3979 6349 5900 8794 4670 9158 1598 3272
105 4750 7981 6242 5914 5209 7724 4045 2338 1583 800 9346 6459 9563 4435 8434 1310 1493 7834 9477 8283 2733 1494 1530 5221 6405 148 1281 208 2135 721 2260 5127 2201 4936 6398 1062 3688 6003 5979 2672 4839 3355 8569 9997 5440 2071 9665 8203 5242 9976 9974 8580 8874 3130 4687 5249 8182 6098 3017 9154 8094 2467 2872 9703 558 9605 2845 7342 5693 1597 3024 3574 6189 8779 3292 7116 4931 1054 2884 1234 9653 5031 4369 9695 4899 7441 6486 6159 7396 6214 2702 5633 4130 7246 8530 4136 6799 5578 3284 4521 1149 4137 6903 1791 4651
115 6969 4666 7995 3226 3878 9314 2834 1815 4634 1203 2715 9787 1039 4020 2881 7467 6386 6733 607 8336 8914 8232 446 8114 1570 2257 8439 7523 5561 7712 440 1079 2066 1736 9919 8159 9570 1464 3715 3431 7933 6152 4481 9336 6693 3401 1131 7788 6122 6031 9249 6143 4396 7942 1150 3939 2245 849 9195 924 6367 7878 8055 6500 2352 1511 5758 6766 9698 2476 5420 7814 4275 4763 523 380 6523 5741 3980 7259 7036 6850 6063 3593 917 8388 8450 1500 2469 5150 4141 960 2434 8582 1713 5382 1415 7110 7943 476 4462 9929 4323 8757 7517 8498 3246 4767 1836 3445 4663 8166 7281 5658 1946
114 7004 2295 3259 6306 820 4128 9967 1231 2795 2646 8848 5392 3438 9623 4357 5874 7529 8150 3224 4424 9360 8981 8020 5698 2788 9227 1759 428 6479 5597 5287 9547 7886 9380 5985 3005 856 9765 7649 781 3283 2765 1883 5057 5970 7602 4346 3015 3679 5507 8155 3354 4042 915 667 5060 6681 6060 1998 4533 121 8605 5828 287 1282 7818 8080 2933 4741 7927 8576 1313 8776 372 5183 1353 6236 7378 8773 1466 5656 3984 620 9786 2857 4303 7972 6847 3536 2261 1978 491 4988 7113 8913 7907 2216 8047 1929 7502 6723 4060 2059 2907 2706 3341 6993 4364 7514 4448 1785 3721 4783 5489
113 8657 2092 8179 6737 342 7356 2866 4997 9606 9617 9524 4509 9935 2880 1272 6644 3050 3849 5491 8485 5140 9699 2222 4173 6670 2156 6946 1254 9437 6619 3387 5840 9004 2959 7109 3961 1762 3739 4411 742 8416 8588 9356 1656 9055 1779 2350 9756 3291 2885 7704 3948 5528 9883 7232 2674 3145 3970 3169 9475 3004 4880 7870 9790 7858 6034 2319 5964 4030 9210 6305 4922 6022 9804 2722 2744 3119 8406 6276 511 4322 4795 6551 3136 4912 3973 9863 2861 9763 5746 7906 4422 1982 4850 2840 3403 7180 4731 921 7856 3285 6042 6317 4613 211 3598 2830 6318 7574 1787 5673 8247 1972
119 3834 277 3649 9283 5922 3189 1449 993 6010 829 6203 3161 5802 8971 4917 1944 8500 4645 4259 3077 9039 1722 2300 6275 3776 3477 3412 7073 2439 4277 3332 2069 7578 6673 7931 5645 6170 7690 5517 4571 1652 1107 9419 8277 1828 7672 9016 7987 4430 1839 274 6938 4748 3143 7438 7403 985 1710 420 7492 2392 9317 9909 7610 4402 1241 28 7764 6692 7404 2478 8172 5303 3380 2771 2597 8544 6400 8281 5929 5681 8286 7453 5882 2419 2956 2333 696 3601 4034 3411 8078 5111 2422 7163 7382 5642 4120 2701 3670 170 2936 7805 7292 6171 7908 3657 7392 5365 580 8379 7604 4177 7344 6906 6700 2130 1833 4587
121 9926 7147 3270 2032 4250 2671 1052 2503 5499 1444 634 8358 9662 3109 4963 4573 1758 1226 1499 8602 5106 954 6014 7753 8122 4490 2465 9194 5473 373 748 6968 9263 3950 1811 9135 4606 1108 4540 6918 2961 139 6366 6706 9517 3163 4105 1063 941 3682 378 2662 6763 7 7368 1382 6225 1963 5559 1827 4927 4347 7833 7785 2067 6488 4378 5558 4063 7454 3459 4784 5474 2790 1160 2407 1235 9723 2484 8599 8730 7008 3107 5466 3386 2446 3842 5891 7885 3415 4870 698 2231 9993 5431 9469 804 7162 6359 7203 9271 2124 919 5478 5014 2102 1262 1618 2989 6609 3923 1447 4078 7101 1885 407 1072 1169 5795 3115 8139
114 6923 391 1560 5553 5120 2678 4361 4211 4107 9079 3562 6592 1660 8880 4097 9182 7809 5755 8042 2586 740 5374 9439 8960 3084 4895 3845 868 2528 4333 5883 837 2197 8678 8294 7079 1275 8795 766 366 7249 6483 7214 7194 3576 9710 3588 4438 4932 8955 5190 2624 7057 288 2053 8391 9771 5717 6313 1916 4384 605 3150 8843 4589 8183 333 8490 9491 3390 9728 5704 7542 141 9447 7516 2510 705 9613 2314 92 9164 8079 5584 7099 4041 1657 611 8840 5246 9519 584 3582 9558 7900 4159 5612 5683 9610 6915 7921 9286 9532 7952 7923 5254 9049 7938 8429 9183 3350 3628 7455 5808
120 4588 7315 6162 8342 1920 8906 633 1589 5613 3534 2423 1256 4522 8668 7683 3369 6880 7630 6 100 9671 747 1266 3720 8329 6536 536 1823 2341 9465 4949 2045 4281 8558 5725 8097 3685 9300 7532 1086 1164 7860 8209 1309 9741 4585 6016 8028 7019 4057 9096 8424 4565 9179 984 9102 1768 6759 6885 6028 8017 7944 6254 8241 9020 3805 4856 3893 1185 1939 2612 2452 2932 9489 1057 3265 2264 5641 2202 1841 7414 6862 4489 6790 454 229 9720 9871 7697 2285 5695 8223 7222 9930 6418 7032 3123 8501 8265 3414 3478 7689 1396 5809 4669 9747 8254 7821 1739 3996 6000 2629 1557 9343 8649 7639 4946 377 6669 4193
116 4158 9211 2189 5557 8074 4143 3531 2810 9038 70 3901 7300 6129 4710 3309 8768 6638 7410 7139 7882 243 5484 9127 7123 1649 337 7549 1145 8982 9288 4093 7278 8237 4992 1626 6355 8240 8864 1992 918 9739 1614 6734 6744 1906 613 5425 7668 3563 5556 4404 6221 1517 3093 5772 2877 6046 926 3694 1851 3164 2555 9482 1134 1653 1064 9146 309 5176 201 4597 1028 1398 8612 1616 8652 2957 1216 5983 3352 5457 9186 5371 7148 4157 5266 7662 2 6801 5640 4821 8523 45 4599 3951 2905 8040 6537 2365 200 5503 5009 8229 5301 5892 7459 1357 8387 5703 6301 3553 862 5349 6573 5878 13
109 2996 2065 5635 5572 4001 6439 9944 3218 2435 4780 5708 6021 2208 5110 8647 8775 9471 9912 3152 3931 8719 6393 172 2433 5817 3120 313 2302 389 189 196 6290 266 8623 8917 9652 8398 2266 9945 4239 4421 5353 4737 7407 8949 7609 7357 1197 6380 7046 8488 7018 3040 4788 514 332 3257 509 7820 1112 9430 8030 3353 6787 5871 8360 6215 9095 2428 1126 1373 1958 193 9783 588 9886 1552 3695 2983 1403 2043 3896 3012 4339 5546 3504 150 545 598 4707 3560 8606 5450 9572 5449 5562 5777 4854 9882 4920 6833 1726 1834 9657 2536 6869 2547 936 7157
