6 6520 7985 2982 5976 6030 1507
5 262 9670 7992 5057 4279
4 2007 3185 5514 1125
12 9702 9105 577 5473 6942 3336 2748 818 9136 1851 4031 2090
8 5317 8875 4901 2243 169 4277 9320 4837
5 9099 5393 293 8710 3846
6 4144 3299 8391 1986 9720 8690
5 7329 731 59 7440 2891
6 8452 3337 9487 5857 5974 3270
6 6072 2449 7199 6266 8920 9982
4 8606 4808 4484 1767
9 5864 5419 8050 1084 4514 6557 1809 5947 7509
11 2343 124 2496 7117 8004 2173 167 8423 2846 6196 2841
9 6362 1858 5772 5131 4925 6397 1837 3286 3912
8 7904 4772 2693 3126 1451 8120 7472 1255
7 4898 9941 2127 803 9552 7188 5764
5 8070 7341 1690 5592 6329
4 6363 3347 7706 4316
8 1480 9407 9900 4434 6186 9184 5302 6704
6 7314 3365 4138 6547 6906 3573
6 2298 6804 3678 265 587 1019
9 7003 8248 214 3382 840 688 6689 7447 8530
4 6834 7365 7564 2658
8 5739 650 6534 4686 7610 7422 9537 4444
6 7882 5755 7402 5244 8916 3795
8 6462 8041 2933 9444 1292 547 9560 8018
7 3905 4021 4424 1873 2001 1718 8834
6 39 8853 7249 3225 1620 9931
4 3187 3330 939 463
6 1817 9997 975 1967 9043 3668
5 5437 8500 8054 6457 2874
5 6548 8441 1249 2035 5482
7 8038 9169 8852 4485 749 4323 8499
5 2491 7524 620 3109 5175
8 9509 6324 6021 7176 8872 9733 8559 9746
6 881 3831 4883 3469 8684 7549
2 7182 2062
6 3864 9600 8903 9505 4010 514
10 2735 1332 115 1521 662 238 6070 6722 6996 5128
6 4998 5202 8539 9821 2137 1288
3 3134 6788 8479
10 2288 9072 5525 6228 2258 9488 6412 9171 4795 8005
7 7028 4203 9966 5155 3906 508 6338
6 6382 7491 7861 3586 9949 3316
7 6830 168 4633 256 1055 2451 3458
10 8160 2442 2413 4689 5674 2236 1060 9741 8618 3894
8 8239 4230 1692 5447 8226 8850 848 2635
7 9503 8216 7498 4082 8991 3003 4740
11 9011 4151 132 6592 4552 1158 2295 4791 1207 841 4806
5 9764 7449 5792 618 4783
4 4996 2542 8272 5123
7 2881 1453 9828 9906 9318 9343 3053
8 7347 211 3198 995 5138 1791 7814 4025
6 558 4123 7550 617 3094 7178
8 4303 9624 3728 4589 6755 3803 5256 3862
6 2591 1546 8821 7167 4143 4408
4 2134 8865 1032 9096
7 8732 5625 226 1944 5020 1653 930
9 6169 7839 2443 8237 9744 1227 670 757 7750
5 4184 2286 357 7197 8261
8 605 4072 4395 8733 9625 6985 2994 6115
4 3491 6845 6651 534
8 6740 5679 2767 3810 2352 1213 3301 4665
5 5426 1204 1522 9432 9226
5 7476 6193 3919 1631 523
8 3877 8946 4363 5684 6921 9842 1728 7321
6 3508 7930 3599 1306 7776 6609
9 6581 8640 5853 9067 2086 7209 6615 2688 5195
11 2147 6474 5589 208 9222 4064 8378 4141 586 9992 6546
7 7280 1991 7120 3483 5404 2533 9685
12 7373 7725 842 8671 2420 6401 2547 760 1886 9362 4026 806
10 1721 2254 3805 9055 928 1138 6285 826 1881 479
3 3887 9962 7981
10 7318 5049 3655 2849 2066 1124 6097 5879 7752 8531
11 2605 6578 3311 6798 5399 2260 8193 9154 6980 3517 1312
10 1107 1071 4856 107 7667 2116 9013 4253 1345 9510
15 723 2061 6480 6314 2945 9194 3379 4397 1297 1217 6739 5692 5715 707 668
8 4450 3767 5156 5511 6979 3439 4930 72
8 854 5914 5377 733 4226 227 5457 5011
3 5763 6494 758
3 1545 5417 5818
8 264 6192 6948 6011 4522 8768 9146 6982
8 1773 7241 2014 1982 8892 5528 4178 5449
6 4301 9763 25 2613 9734 2400
4 5604 2948 8312 6893
8 4924 2699 8027 8861 2237 4984 3082 4865
6 2204 8411 8482 4963 4077 7063
8 4087 5757 4968 7939 9209 819 2597 3244
8 9489 9231 2654 4794 8346 2075 9404 4466
13 4532 1965 2274 4481 4266 6837 7523 4126 4787 8944 1897 5028 7818
5 8464 7560 8087 8548 9774
7 7966 738 3086 196 2497 5736 694
4 3705 9750 6471 6271
11 9897 732 5560 4597 1234 8544 5995 5769 8963 5468 9075
8 5997 4745 2749 2327 5392 4655 6305 7369
5 9451 7194 9546 5403 2252
7 5321 2344 692 4040 8342 2787 2080
8 9100 2194 4857 2549 6320 2662 9944 2863
7 7196 2110 4654 299 6506 1038 8901
9 6724 50 5966 4130 1329 2912 9743 8571 3177
8 8721 8818 2985 485 6752 8191 5120 1136
6 8167 9327 6007 4693 3170 2245
7 4135 9867 2935 4284 7295 8165 1095
8 6108 6163 6932 4457 3160 4445 9204 3401
6 3265 6807 6304 9825 4437 1012
7 9751 2283 1525 327 6975 3089 1293
5 5151 5042 4488 4022 134
2 8402 3755
4 613 5821 8327 1810
6 8667 2778 3402 2601 9969 7865
5 3625 3200 4520 4052 5247
9 288 7605 9054 5564 4913 3323 2843 7530 2892
11 2984 7411 643 7674 734 1411 7052 7240 1729 6503 6549
3 1594 3371 7091
7 1057 4611 9668 4016 6937 6987 20
12 5833 8058 2638 2579 2568 1268 2858 3888 9138 3962 9725 9786
7 2082 2629 1487 4131 1386 3707 3239
8 8767 1291 7216 2287 8283 7225 655 8338
7 4148 9070 5888 4496 7460 3498 3851
6 698 3926 4145 6779 3093 3931
4 2379 4951 4562 8789
13 1725 7701 8915 5356 9428 1959 8885 7389 2619 3809 1934 4628 4478
5 1586 6545 6523 8521 8577
9 3828 9047 1322 4983 5883 1680 2367 1847 8439
5 1666 9706 7779 5141 6797
7 1041 863 5292 6964 7829 4903 8236
8 129 8228 7323 4861 8318 2121 9967 4890
6 6102 7897 3388 3430 2201 5311
2 7937 7370
5 8893 4570 2488 9253 4789
8 6526 7306 9968 4267 9834 704 6754 1532
8 3061 6646 7148 3236 5989 3447 448 6619
4 3163 5953 2482 5566
9 2112 5550 7835 3635 7792 2335 6405 9160 3933
5 1286 5436 195 5869 6556
4 6514 8975 2646 5209
7 1816 9389 6291 6489 8705 3950 678
5 631 7215 7822 9056 7974
11 7253 5748 3927 8289 7886 4403 2909 9311 3243 9190 5806
6 2918 3247 5434 5771 8019 3369
9 2122 5358 3648 1053 4641 4516 3409 9905 2600
11 4029 7843 7212 3195 7765 55 4023 9092 8067 4106 7418
4 447 9106 8183 5720
6 8565 742 3113 8707 4612 6424
4 5794 1143 7713 2313
11 7322 996 2825 9557 9583 6236 1650 2108 4264 6836 9646
5 9689 4581 2705 2628 9766
6 2959 4181 389 5352 2972 9602
8 5593 2692 4576 2952 4334 98 2319 9953
10 1433 5382 6122 1550 4056 9126 2123 2265 8135 206
3 8718 7914 8766
3 3749 6933 4833
3 9097 5552 7925
7 8868 6332 1454 3849 1678 527 2554
9 2018 6898 3074 4085 9208 2946 5504 6968 9589
5 8625 30 1003 9091 4634
8 3256 4786 5492 9614 9993 24 7964 6026
6 1374 6069 1893 3215 5389 9195
6 8749 4902 2428 4245 7404 3182
6 3487 5590 2130 7417 6483 993
4 4220 2708 781 292
2 6467 8428
10 8786 4330 7887 5060 9694 9936 3226 792 2550 3622
6 4942 7885 7534 3073 3612 4218
5 9663 2850 8109 176 5462
1 3737
7 7892 1877 3066 1310 2837 8607 6789
11 8745 6078 6645 7483 8290 5452 921 3929 7602 6579 521
6 9447 3660 5308 9086 9430 8178
6 3515 8274 71 8489 7380 3119
7 380 5500 9295 9957 3812 9168 7594
9 7741 1092 1028 8234 9107 2653 9217 6676 2209
5 7563 735 2671 4999 8591
6 2499 3389 1559 1903 4109 1896
5 6207 6349 1757 6390 396
6 205 4976 2911 2689 8998 6166
9 7536 7884 4700 4805 2924 5548 2165 3883 8484
7 7438 3268 2950 5080 5988 4885 7608
9 1119 2128 2490 9133 7297 2826 9855 8243 6296
7 7387 2888 7328 1360 5258 9303 5713
5 5260 4165 2169 44 6395
9 8016 7071 5534 139 2883 3507 103 3493 9937
6 3630 3598 2967 7469 2366 3115
8 619 8643 8969 9782 1904 9548 739 3415
7 1188 1691 5961 392 1825 9655 391
8 8048 1654 3023 8209 2956 2564 5768 3871
5 5950 7259 626 697 109
6 4647 5942 4182 6656 9820 551
7 3868 6181 2261 2804 1256 8401 6909
3 4127 2862 7371
7 5802 2695 7562 5068 5652 2651 6970
7 7205 6335 957 579 1860 8112 7572
6 5968 4128 8817 2226 2860 245
9 4306 4594 8335 8990 4354 4448 774 7900 5996
6 2382 3327 6225 5178 8046 8145
7 4249 2537 433 8133 3043 6885 8802
3 6 2181 3418
5 7293 5697 5407 1834 8644
9 9788 4828 6222 6935 1315 1912 6455 8079 3908
8 2412 7947 3205 3214 6198 1827 7116 3724
5 3173 4660 4019 3870 8628
6 8244 2926 7011 3141 3576 2424
8 1146 4439 1935 221 1189 3122 5984 4841
6 1554 6952 1326 3097 123 4596
6 5072 9325 1043 5878 2983 7256
5 4735 8494 7919 3254 5585
5 3548 3433 5424 464 2038
5 2806 6993 8465 1926 2363
6 4385 8592 8858 8662 8687 621
6 946 674 6003 4716 1815 5642
6 7970 5472 8126 9108 985 7616
4 8762 3229 7356 2307
9 2512 8186 1224 6477 3523 913 4320 8753 4440
4 8343 6801 7678 2913
11 8736 7088 6953 2446 2829 3127 6835 9665 1530 144 1402
8 2056 4237 8485 8742 3014 7595 8626 2393
7 171 6485 3252 4476 4973 545 9371
8 2242 2142 4777 4853 9344 2240 7675 5150
4 2289 8034 6847 3842
5 5481 7184 5341 9386 7066
5 6131 9960 8595 769 5438
5 5895 1450 3640 9581 5667
8 5505 4912 1166 5812 7079 5096 3154 4814
8 3117 3395 4480 444 5705 5619 8446 1102
3 7146 907 4248
3 2214 1378 6655
5 9540 845 1393 6758 8939
12 7501 4567 7871 5353 5101 3050 2861 7949 3192 3819 491 9805
4 7528 6058 4446 2432
4 6583 3709 3774 1491
6 427 2811 3652 8568 9429 4044
7 2272 8417 8164 5408 1841 2391 4129
8 825 2077 8025 8504 8727 183 8225 3446
4 8124 3670 2225 6071
5 7285 8291 2848 170 7845
4 3090 9329 403 4684
8 6145 3683 5691 3600 3718 811 4667 9950
4 8156 9674 1517 5892
7 2198 442 488 3138 8637 7543 896
10 6855 3659 673 9761 9662 6661 3484 6742 1714 6934
5 3091 4712 5471 7035 2927
7 4884 7880 7345 1368 8427 7107 646
7 654 4119 7719 5911 2961 1008 8036
11 1486 6896 2455 8321 1079 4605 2731 6588 3287 4160 8524
3 2698 1362 8863
9 938 1257 2752 1668 4503 2408 6358 8657 3196
6 1572 5112 4224 3853 2627 6833
4 4981 2540 4714 1531
6 5480 3729 4604 6630 3206 3878
6 6012 2119 2633 1555 9359 663
3 6470 6622 487
4 9220 4309 8090 370
6 1908 417 5474 8683 4250 4804
8 6463 2184 1148 6448 8294 6695 2817 2046
10 4572 7689 3529 6464 5095 173 2815 5103 9427 1972
14 7798 3384 1198 374 6531 4460 2741 5214 9947 4755 7860 9911 8634 9799
2 3120 228
4 6365 9574 5398 9005
5 8672 8374 8676 2980 3314
7 2978 3977 4997 2519 6792 242 4933
11 7267 2284 5778 4294 1443 9285 9919 1010 1762 6458 7301
5 3742 4351 2606 92 2775
4 4163 1178 3207 8630
9 4232 2336 1647 276 9301 2954 6808 8353 8804
8 3940 509 923 2302 3001 8664 8367 6496
15 6729 1553 3999 2323 5364 3661 1637 4066 6495 2047 9279 358 866 2065 2833
13 4872 4094 7392 7993 4340 9518 878 6567 19 5908 6917 6384 925
6 8784 6564 7042 9677 7405 4916
7 9455 8277 6250 490 495 3139 7168
7 8525 6076 7181 887 9558 7129 743
5 5136 3608 1536 6098 7238
7 7394 4852 2529 9513 6516 1688 9388
5 3982 795 9844 8128 9414
7 2522 7157 4640 6528 3570 6747 8889
9 9880 8115 7419 3735 4189 1576 2777 4867 6828
3 4810 1722 2585
6 5932 3799 7099 1132 6883 5323
6 2877 6075 4575 2763 7874 8491
9 9586 3796 2315 6460 3860 6493 9022 6077 8942
5 1155 1216 1823 4799 9604
10 6902 4362 9767 3019 9141 9297 2531 9114 4155 2189
6 4868 486 3836 5160 8928 3479
4 9520 9426 6723 1489
4 7228 5862 5325 8907
9 1459 3503 5013 6411 1954 1436 1793 6141 9073
9 355 4342 6498 3020 2977 8702 2875 5568 6705
5 1367 4365 85 9472 2719
4 8251 3504 5664 151
5 1917 7072 3204 7406 3646
7 9060 7987 3407 6049 2819 3971 9876
4 3310 9244 2868 5089
10 7787 4167 119 7647 9307 5163 5896 5627 5104 1101
8 9814 8084 1661 6859 7277 1254 7738 9881
8 8458 5885 525 4269 9440 2975 4642 2901
3 2346 5891 8511
7 2111 973 9402 1700 8117 4236 1419
11 5658 950 5858 9130 1977 3785 8771 4609 7200 6152 3623
3 1975 2117 8118
3 3478 9391 2687
8 5626 8658 3602 63 1427 1989 4848 7681
4 9648 5046 9651 7641
7 8655 2069 4635 5001 5719 2607 6345
9 6491 8010 7815 8663 5701 8833 4551 91 1557
4 7468 6118 5735 3000
4 5758 3719 4978 8324
3 962 1265 3080
11 4944 917 1560 7105 2193 9979 1846 3467 5304 5270 4519
9 1215 7921 9225 7950 8597 8729 4988 6876 8594
8 8150 2898 6950 7838 7917 1606 3814 2210
7 8227 2476 7487 1617 9264 4891 6440
4 5044 4376 9628 3606
7 2517 2968 8759 4812 9433 9453 8776
9 5694 1048 5641 3691 3802 3059 6559 2034 2067
10 8785 3743 9630 960 4324 3359 3771 304 7466 6439
7 3980 5510 3429 6737 3362 9223 9063
10 7716 4603 7327 7103 2479 1996 2988 1598 4954 6652
3 2544 5948 3886
6 4054 4765 9576 8874 8543 9717
2 2840 9164
6 7431 9627 7704 7439 9827 8621
4 7621 4844 6881 9882
5 6621 1369 7849 1164 381
9 964 9473 7893 2136 4339 693 7620 1270 4247
8 7653 5416 2588 2250 1796 1016 2721 3666
6 9986 8557 7745 128 4338 7805
4 2768 1343 9016 1984
4 3213 4447 2049 3364
3 835 884 8748
11 6692 3269 1325 8716 1593 6716 9158 5192 194 8924 1123
4 3560 6188 1470 956
2 1318 522
9 9153 1835 1936 31 9144 9333 5633 4372 1196
5 4380 472 5181 5490 6552
5 5581 3930 3432 7638 8136
4 9530 8077 9538 3727
7 54 8003 1348 3220 5688 2508 7111
9 5898 1289 7354 6709 8738 8008 9477 5289 3474
7 164 5172 2372 2724 451 135 2563
6 8143 6914 4494 5065 9202 8301
5 6907 3708 1033 9309 2766
7 7850 7705 4727 3801 9780 8106 8033
6 8380 3584 4041 1237 1740 2856
7 539 3354 610 6433 407 3695 3664
6 4802 2965 1171 9176 1887 6050
7 8072 5599 1372 7868 6756 1750 8012
7 345 9939 1792 3593 9657 918 2625
2 5578 882
11 1341 2664 5488 8560 5746 4007 2299 1087 3423 6838 3713
14 3721 9492 9838 3680 8845 720 4032 7711 6786 628 8750 7494 2475 3565
3 7133 7320 8131
7 4074 5940 8408 236 5238 3722 771
5 1831 2337 559 3164 5253
7 1899 5917 2631 3047 715 4207 38
3 4987 8884 2681
6 14 5754 1582 1745 3633 6743
4 6627 2247 461 1601
3 7496 645 9177
7 446 1930 5954 7104 7231 8593 2614
10 3694 6154 5927 5210 5303 4664 5554 7799 2316 7855
5 5580 3556 2153 8249 9328
7 8432 1600 9373 591 6746 4556 8925
9 775 8060 8322 644 9268 4710 3489 920 5055
6 4673 395 1514 4547 4651 6135
2 1114 1465
6 798 1744 4321 1940 602 4014
5 34 773 7962 810 2590
2 1705 4215
2 8862 9692
10 6281 6571 3468 1336 676 9415 5337 3673 8674 8649
9 8200 6378 4343 9578 745 192 2942 5801 4859
6 8284 7061 3219 7864 3588 3955
5 0 7910 583 1892 1494
2 5991 9380
7 9588 2523 204 7477 251 3822 8781
8 376 9203 7363 640 1195 4261 5127 9783
10 6353 6055 6410 1780 8503 8409 2341 8666 3308 8392
8 2893 2454 9068 2185 8218 8478 9007 5958
7 3733 7846 4000 7186 8836 927 3459
7 6133 3808 8589 9878 9582 5319 4564
6 634 8395 8152 9551 8279 1645
7 81 8204 3965 4554 5591 5259 4619
7 9355 7665 9925 9839 4621 2941 6919
6 7833 9480 9434 1674 5362 1850
2 8808 2498
7 2292 3730 6607 4624 685 6430 5594
4 9784 4803 2041 1924
8 6530 8357 9272 2216 9595 6612 3617 9261
7 1520 6991 2461 2493 3642 8223 5569
11 1209 7239 7020 4142 1708 630 1075 7650 2269 5159 8488
4 679 8728 6013 4393
7 553 346 9635 1039 1820 8210 7221
6 2266 6444 8444 6386 2813 4535
4 7972 2177 6795 1801
6 6811 3223 1137 1151 2414 1278
6 3703 4001 8045 3261 2781 4259
6 5520 2326 402 3242 6153 8196
6 7945 3018 2521 6379 8245 1660
5 2594 1301 6371 9994 8985
2 181 1580
10 2381 7941 9032 2021 4617 5532 4092 8857 349 5565
