10 466 8098 6372 7628 4188 3255 8355 1037 7074 2107
11 4032 5383 8216 4669 1098 1982 2340 7858 5780 1746 2485
5 9307 9509 4228 8656 7233
19 516 712 9014 7382 3606 6786 7950 2858 5162 1169 8852 216 6520 2403 525 4251 427 6212 1622
21 5956 1356 2111 9360 3816 139 1830 3189 1636 5092 4606 2591 8431 208 8081 4505 7293 2763 7036 5322 9322
8 2634 5143 765 8892 1794 2185 6470 1355
17 2953 2765 3488 4427 9782 31 1593 1189 4212 3848 5994 9731 1083 3037 4712 8808 2779
26 3171 3749 4475 5500 2323 2691 4069 1833 3537 8245 3791 522 955 5817 2680 1957 3222 8419 8861 9639 4383 3410 2275 8446 8863 3634
17 3578 2101 1051 567 5061 1132 8638 6073 4004 3333 9354 3042 5809 8104 3393 5630 4378
9 987 8028 9298 4347 3048 9177 9321 2231 9986
12 6215 7952 807 2527 6842 8041 9572 5242 6070 9182 8693 2531
9 9389 7718 5375 5919 428 9649 2117 7024 7411
20 6071 9597 5776 29 679 355 8526 6487 8899 7269 1263 9164 8797 7433 5426 7688 3639 5890 8074 2175
18 7780 8778 4402 306 3651 7953 9219 72 1737 6101 776 8160 1307 4540 8636 1790 6836 2906
14 1126 3962 5325 8315 2517 9722 4511 8439 4928 4675 8975 6066 3971 2543
14 4243 2167 5957 7249 7083 8261 7407 5610 7162 3168 5109 5174 8320 6455
25 1724 9351 1290 4966 3753 6739 3198 3727 1448 4755 4732 618 3417 553 7308 8416 1918 5029 5574 9348 1010 4950 8265 7426 4477
23 8489 1081 8517 2158 3730 2738 6655 7210 5536 2795 3711 854 8616 6431 9100 194 2694 4873 190 5171 4561 5138 9485
14 5964 8593 8092 2143 5364 4386 5140 9142 1088 6738 8421 7846 3238 1208
8 283 4419 8865 13 8269 9289 4853 8107
6 224 1669 4831 2077 9554 3250
23 5629 7562 1693 6660 1950 23 8285 2897 3568 8175 566 433 5583 77 7896 2161 7443 6745 7154 1652 450 6677 1720
24 6284 2341 9713 6840 9167 4041 7703 4086 728 8398 9128 7128 5983 6643 5009 164 1767 6930 5895 6308 430 6361 3372 6034
21 8982 1726 912 6053 932 3889 9113 5118 9237 6980 3641 5650 6099 7556 7676 1308 1424 5455 9775 3586 9476
12 167 6919 9566 6722 8968 6501 7576 9381 8777 2831 5440 2979
14 6595 5739 4324 5404 1900 6357 2238 7142 1510 3938 2504 8845 4704 6448
9 1366 3985 4302 1653 9187 7649 2582 6524 2651
17 1073 9669 7685 4726 9036 4793 1201 1729 2986 7763 6128 7659 2067 6546 9197 7857 6125
9 813 6733 4276 1212 9543 3060 5784 5602 9848
14 2135 9095 8752 2576 9483 7847 6279 4942 6895 2237 2215 1401 3497 2718
19 7694 5051 6852 8907 2347 9392 8831 5466 1203 9575 5612 5340 7555 595 5043 675 6915 7638 2083
27 7163 6848 5480 7276 6321 4458 2305 9698 7992 1465 2366 8813 922 628 4852 1527 5548 8209 1734 1712 3617 6887 6141 3248 5624 2258 2227
7 281 5762 3080 8785 4581 6506 2753
12 6224 3474 1686 8275 5861 5492 5972 5293 4610 6197 2935 6766
14 9025 2372 3169 1026 7294 6542 9623 8659 3555 9032 268 191 1528 1168
13 1215 4730 2031 2429 8159 1507 7447 5131 7831 9680 1019 2536 5303
24 3358 720 1962 3960 5777 8219 5657 203 5976 8613 7144 759 2419 7567 8293 142 9489 669 4706 1310 5008 3840 6583 2606
46 7190 2771 7361 2872 9733 7884 514 8 5434 1303 3388 1707 1067 5902 4301 3012 2604 8966 8645 2301 1977 8587 8166 9115 5093 310 1715 6010 1881 2862 962 9153 2970 4784 3925 6262 2529 1247 2203 4904 3813 904 327 8191 9864 3268
8 6055 4346 1255 5351 5427 4543 3698 8111
18 9488 3937 4867 4092 9261 8609 642 3683 3469 1946 3931 1546 8858 9981 897 5362 7088 3301
24 2742 3063 3352 5084 9962 6983 2502 7041 6180 1241 5088 7961 8655 1341 768 3685 3562 9174 6956 2007 2505 1258 6759 5522
12 6771 3670 1870 1647 5169 6694 7886 6631 8761 7587 363 8716
8 105 1047 4613 3743 4172 694 4901 4373
19 2893 2496 3434 3424 4242 6131 3072 3228 8866 10 6481 1839 9263 7941 3703 8632 2139 1017 8076
14 6190 2012 877 5396 9031 8133 5192 6497 5284 6986 8520 8003 3133 3717
12 921 9196 2725 2469 6839 2201 5021 311 233 9723 7877 2310
23 39 2002 8406 8917 4715 961 9703 9365 3871 2145 3075 6981 5073 3074 4395 9302 6562 289 918 9982 2801 9127 2076
41 5028 4822 5206 5573 6312 5544 1979 5278 956 7633 2861 435 9457 2569 1843 1030 5596 3036 3085 4878 4823 4546 3989 6880 8564 2941 1365 499 2070 6653 7369 2683 2163 2118 7667 5662 1160 1176 5991 1370 2438
18 8680 1146 1680 4673 968 3433 1055 1431 3078 5594 7731 3351 3657 588 4576 5537 365 1090
25 9658 384 6569 8101 9547 35 5096 5704 7814 2548 593 6535 3525 4670 3213 6214 8341 2885 577 2530 8019 1912 6075 4856 4460
12 4064 7670 9615 5313 6684 5123 1230 6576 6243 8475 2468 849
18 6492 218 560 2767 3590 8600 5825 5420 5179 2511 982 9585 8709 4113 5679 2480 9548 3974
19 1743 5538 5977 906 6062 9297 8986 3704 6762 7195 8063 9561 8068 5515 345 6613 1378 2803 2400
5 6002 8670 7332 2639 3050
11 5304 2982 2896 6371 6907 4572 2788 5208 8522 7671 7166
15 6727 4533 7278 8050 9798 3720 2281 6898 9565 6222 1222 3471 7810 490 183
10 1939 7169 6358 1209 8140 2071 68 8618 4955 8985
12 6280 8108 2813 2599 3884 7526 3696 9799 3016 4311 5852 95
17 9545 4573 6709 5 3131 8801 1969 649 6793 170 7861 6663 3051 4969 1874 5060 4949
19 8983 584 1104 3206 574 1133 4264 6622 476 9342 8336 9796 7137 7957 7189 804 8756 7029 3536
6 7109 2276 9432 7414 2859 1983
21 8976 9017 4914 9245 1704 5190 9094 4030 3745 3566 9253 4044 2495 6914 9999 7209 1412 908 9281 3311 227
15 9184 4134 8070 1610 1971 8417 6310 5339 527 6249 3975 9125 9216 5321 4598
8 2574 3980 9860 9161 5191 1339 581 5454
22 5173 6563 1478 477 9072 9832 1960 2710 6753 5309 276 5048 4349 4807 6196 6863 4591 8695 8357 6820 4330 1819
19 6428 5305 2184 4407 9993 326 7415 2023 7034 9783 5960 4526 9977 225 3645 3684 231 3732 9807
7 853 4951 8545 6405 9880 7031 9702
7 6598 1108 293 3348 5170 5682 9344
10 3032 3883 3114 113 4905 2659 9534 9989 5056 7344
17 9696 3615 3922 240 2336 9997 454 5989 4367 1012 1315 5546 5668 351 1582 5247 7317
16 4780 8030 4503 6272 41 9081 3867 5483 4889 7867 4351 8126 1991 5198 647 4869
8 5760 2235 1682 9011 6413 5151 4834 704
30 6509 495 7143 6936 4484 7634 7400 7418 8758 890 7498 8327 7543 5136 3119 5887 8920 7202 8793 2692 3951 6888 3909 8249 2793 582 5850 5751 5128 9273
48 772 1657 1590 4179 4611 9933 2867 7800 3593 3201 7391 8714 6752 4557 8287 7932 1221 7616 4842 2415 7693 7998 1552 4701 9039 3671 6430 3319 8125 2189 2144 5077 7819 2923 9407 2363 5703 7323 7982 4947 4015 1605 9891 7559 2225 1706 1921 3941
18 8273 5196 4320 2942 174 1744 8258 600 876 8343 9592 6760 9747 182 2540 8127 7287 5858
30 5477 5428 5038 1023 6957 3548 9385 5384 6185 7441 779 1392 6119 3007 8718 4273 9867 7145 8453 788 3715 6749 760 2481 7043 2005 6415 9334 6861 2061
22 9233 1138 1731 4838 26 7334 8698 1210 6139 3011 6731 3427 4559 9369 8881 4740 5044 1992 9929 6086 8388 7874
10 8342 6870 868 2126 7973 602 4721 9558 1436 9427
18 3237 4570 5502 5116 3911 4312 6072 3673 3086 6414 2234 8932 5512 5015 3118 7564 2633 6850
12 851 2551 5359 5799 6992 5229 114 7776 7911 3605 7572 6269
33 5924 5942 299 7059 5651 7645 2381 8826 5806 3145 5520 4833 9420 6018 3782 7724 4240 5648 9590 8075 5981 9055 9726 6467 9200 199 7299 6167 8433 2367 223 4121 3798
12 9766 7666 5376 6314 286 4345 3991 2889 7935 4926 827 329
7 347 6865 9556 4109 8238 7003 8678
12 5705 8183 4835 9942 4804 5074 1868 7284 8597 1732 3426 7204
28 1809 2654 9016 4277 3065 7224 1555 6767 8013 4689 6937 565 5908 8643 3692 6398 3994 7949 1663 638 1036 3983 9383 7736 4100 4659 8115 3191
3 98 2182 9976
30 4776 9871 6586 4325 2192 4588 667 2797 2181 1858 506 4979 407 7054 5752 1374 9569 204 4289 1677 5016 2040 4102 8164 6452 3454 7959 3116 1228 2819
6 2245 9510 3327 924 3729 8401
7 3508 9038 3107 6137 4028 7111 9034
24 1357 3394 4541 2592 5127 8509 9129 307 4080 4820 9423 2421 1151 6228 9881 3851 3968 6744 6024 6942 3407 2998 9073 7038
21 9236 4485 1500 4984 4886 2150 9051 7717 1937 3844 374 5878 6183 1808 2380 889 9668 9537 5740 7635 6241
21 1285 2642 7314 6943 4051 4079 7664 4362 1141 6303 4646 3754 5724 9763 7747 8979 3326 7728 1725 5341 2114
4 6304 9958 3767 2918
7 6263 2096 7597 722 6688 5327 2501
26 4029 606 8173 9591 7027 9749 4455 2557 5812 7888 3108 4597 5443 9122 9965 4103 8611 9551 121 436 7651 9078 7404 7079 3733 9957
12 5298 8460 8665 3714 4454 4587 9431 6133 5568 2349 5353 6475
12 7804 9280 342 3635 3665 7648 3077 510 8908 4470 2577 7289
11 7966 5280 830 3530 3369 3165 2615 2411 5529 545 8128
11 7850 5421 9110 8912 4245 9683 1253 2433 5730 7985 4850
9 5034 6633 5659 1142 2930 3933 3668 7197 2722
17 7956 2034 5509 8031 2637 3588 459 1292 3728 9349 3573 1402 7908 3875 9715 9913 1662
15 9874 547 3405 1218 129 9904 5982 7750 9190 9656 7005 5273 3903 3610 6710
23 5827 7727 463 3612 637 9845 3998 1184 100 9819 836 4959 1057 8187 3560 2062 5027 7259 2789 8584 4748 8141 9430
7 4845 2684 4958 7756 2441 3990 6100
7 7945 2901 4061 5065 9422 5132 1824
16 6951 3287 5464 3438 7997 7601 1048 5363 8326 3664 328 2855 6422 5584 6581 6584
17 8143 6577 4155 2450 5394 3215 1781 7589 6044 9705 7762 3259 3354 63 5103 6239 5567
20 7309 6856 4971 8099 2427 1765 3371 2412 5995 3338 9327 3462 9992 2489 2972 6223 984 9364 3076 9401
24 4600 420 96 2805 7522 9024 9311 195 9235 8757 9309 1771 9121 82 253 3852 8407 7342 1893 1177 7318 1277 2646 7859
19 1519 939 9857 4323 2833 570 1192 8776 7968 2025 4774 2523 8631 1304 8703 9800 9099 7797 273
7 2190 3919 279 3370 5211 9088 9767
23 3690 3073 1683 3 8383 7367 1122 4291 4117 1180 1750 8069 51 6140 8380 4764 8794 4584 5137 7958 7077 6299 646
3 7368 927 5033
9 6469 7237 1887 526 5585 6164 1625 7915 5756
9 3081 9228 1551 6401 6160 3023 9670 1343 4286
17 3179 8097 6353 6200 9316 394 4735 3368 3661 9162 4259 9918 6905 5789 1764 1461 2892
14 8150 5621 2330 7265 9116 6626 3290 6089 2147 3088 5628 7803 2829 4661
12 9813 4499 5026 9605 7894 9225 5770 8909 5949 7508 8088 2620
11 3115 5591 4658 1665 5439 1052 8422 5112 2213 4620 5525
11 4446 1029 2133 2973 4792 265 4375 6040 320 9795 6579
4 7774 155 5302 1274
12 1988 5952 3298 8400 8855 9102 8674 9198 7652 6827 3221 658
15 6635 7222 9282 3346 2295 3957 1386 136 7702 2593 382 7311 2109 635 3483
17 4219 4365 539 5840 8195 5669 9452 5089 5476 2631 4954 8205 2304 422 2702 7112 3104
2 7364 4933
21 1566 6616 4429 3788 7439 6181 4696 4552 1940 1028 9393 6252 6879 5459 7547 2115 9910 8647 5886 8627 655
10 4940 7115 8117 8823 2804 8177 8306 2092 1237 7798
16 4737 6802 7179 2278 4608 7164 5345 4929 3829 5256 6056 5647 2339 9108 9879 7387
16 2198 796 8312 6457 911 9520 2019 1563 4322 4135 6105 2899 9087 1687 8925 5024
19 5294 7967 5328 9614 3551 3579 1042 9835 3106 461 6830 3518 6028 8110 5001 7737 2851 7519 1932
10 6186 5283 2936 9328 7719 9320 8170 2075 1486 6541
18 7560 5467 1206 4717 7906 7726 7515 333 6818 980 5998 5910 8723 4994 4981 3386 8228 4687
6 1628 4187 2661 7615 7106 3947
19 4980 4405 2944 5287 5733 5870 3741 3631 3468 5403 5855 6824 2119 6468 3421 7173 7808 3282 4709
2 5453 9541
14 2401 3138 9133 6890 5386 9934 4141 1474 3995 2385 6287 864 2003 5836
9 9026 4339 6286 7230 7437 6640 7753 2688 5474
18 7393 3930 4050 1996 5856 7506 5676 346 4872 2818 8888 1433 6460 8699 9442 3648 7507 7076
12 3090 1935 3856 8995 2997 2657 2731 3801 4745 3854 5517 3067
9 8978 9046 2781 9220 5350 5997 7557 9638 7122
19 3193 8781 1280 3170 27 7865 9104 619 3545 5702 34 9330 64 6495 6285 2571 3325 9960 5562
12 8825 1409 4556 8763 4861 8523 2832 8736 6960 8123 9137 4517
20 5468 2332 9909 7217 9844 1260 9468 4564 8555 9740 8286 3185 8381 550 8741 7232 1172 9154 5842 1716
15 5788 3601 607 1840 9677 1062 4105 6187 4317 559 9256 780 1111 2594 6529
23 1044 2836 3924 8939 1894 4119 7582 6754 2598 5148 6270 8156 8332 2883 1479 3910 8921 7385 7605 8009 6480 5147 4473
15 6387 2945 9336 7592 905 1554 8727 4313 8924 9903 9586 2739 1648 1257 2266
13 5816 1312 3064 1413 7424 316 2168 8032 6080 7786 7281 1548 7710
12 6060 3226 8795 7325 7999 9150 7463 9959 735 4338 9109 2248
18 933 1322 9339 7126 8862 8027 243 5129 2414 9815 7608 3142 4047 6881 8064 938 3363 6233
10 1630 9984 4633 8683 8251 6298 5615 6408 5769 5011
9 4694 3047 643 8390 8096 2778 3694 4191 3035
7 8809 1293 7466 6290 5674 2687 9332
13 6875 7473 4282 764 1271 3158 2573 2757 9707 7919 9288 222 7377
13 4076 9287 3163 2773 5054 721 7490 6619 5285 6552 6878 981 902
5 9404 5891 8067 6618 2137
6 3181 3700 5719 697 5883 2822
19 5728 5715 5865 6465 3902 1006 811 8471 2410 6242 1646 1417 7790 9603 7056 8662 2852 4743 8943
24 1624 5195 8890 2199 4523 2601 8208 6281 4888 5238 7050 9686 9043 2453 4423 497 8364 4899 8648 2621 7672 8299 6114 1810
21 9964 8684 6526 3821 6097 2391 7130 8006 798 6571 4180 1473 8951 2321 5805 3978 1130 1214 5534 413 6332
26 373 693 4638 6230 9083 6847 1403 3783 4989 2425 8511 20 4895 3532 6007 7221 4480 9709 2113 4426 5365 424 4183 3084 1516 9533
4 3155 85 5401 2060
23 9434 9487 6697 7818 7358 5349 8375 609 8660 4882 250 70 8868 7928 4315 2776 9653 8203 3148 4258 301 4140 8582
11 5696 1106 9549 8610 792 7258 7625 3627 2581 4496 2815
11 4194 7986 4535 1602 3691 7067 6037 9932 4337 1400 6201
20 5177 2327 5653 4938 3342 67 2022 8750 9426 1502 6648 5333 7402 62 6668 4534 3828 2528 9004 7513
17 1787 1741 9738 9053 9120 645 8235 3381 4672 9564 3376 5367 2856 705 1508 2698 1928
8 6525 5452 7484 5638 7410 6702 4851 7768
14 9029 9519 6646 4991 7938 2068 9645 2498 3777 1811 1769 277 6585 379
18 6517 1466 8838 9674 7580 9917 9248 8658 5435 515 2224 6670 4605 7989 8514 4746 1186 7868
9 9114 3411 3400 8144 4977 234 5542 7838 2584
7 8229 9802 4091 8942 1865 7812 4329
11 1942 6490 1570 1349 2094 2313 5240 6912 5753 1970 4417
17 4297 7479 1649 9725 865 4482 818 7963 9900 8280 1377 4674 3516 5030 9822 1226 7019
4 7690 1710 9257 5711
21 6975 2984 9790 5631 4805 8020 1348 8828 5649 4483 5586 5291 3495 3721 4058 9050 370 4678 9135 5946 3289
14 2931 3166 7231 4495 4381 732 1749 8702 614 9724 7257 5759 2212 7087
12 120 2908 5968 2374 1166 8580 9760 5185 145 3806 587 402
7 9684 7343 8310 8694 4749 4257 2473
10 3963 6038 3839 5423 2334 5499 8992 5226 507 3254
15 9347 917 2716 5163 4788 2066 3335 1728 4996 8461 9894 8241 3432 8676 2932
2 1596 4907
11 7427 7987 2020 5736 8884 4014 5154 2390 6218 9390 4464
7 8701 8894 2655 2630 4356 1240 9517
15 3353 5633 8257 5966 8573 8353 6406 6437 3303 6659 891 9372 3101 2243 1331
19 4416 9628 1284 302 4688 8965 6277 1583 9912 1018 488 9898 9 3041 9156 4731 2724 7335 4826
29 4066 1038 3362 7922 6393 9701 6083 8231 2244 5484 7124 4465 9149 7225 9587 947 6935 1420 6458 4524 2461 4874 5125 2966 7049 6251 8434 2127 3949
15 5379 4408 5400 187 3490 4671 7971 2389 4459 503 6016 2064 260 1344 2103
25 2974 432 9729 1451 2298 3581 1287 4847 7346 298 3832 781 9159 2180 5607 8189 6383 2015 175 7353 2744 8347 2047 4621 8361
21 2437 4471 5892 3544 4399 6600 1493 5183 6637 3597 4164 9079 8391 5272 1155 8000 5554 3442 2866 3323 9175
6 4812 3663 9741 9946 6311 9059
20 3284 5482 790 9568 4885 4645 3992 1506 5390 8788 9694 5019 2319 287 6556 470 2360 3408 3618 838
18 4815 2792 2136 104 6378 1886 9963 8071 6231 5893 1714 388 8452 8263 5987 4400 2166 5115
15 3487 3811 5199 6486 1387 5338 249 3713 2888 741 1099 5289 9148 5189 8468
16 9380 5424 9927 986 8158 6258 8243 3288 4727 8751 8084 5216 2361 5062 1272 3719
16 1668 2638 9870 4445 2017 4522 6390 6015 362 6758 3506 9882 4007 7824 7793 5904
21 5081 5620 2617 5049 5063 4249 3428 4198 7119 7525 2315 2446 1225 8548 3329 4518 1945 802 1762 2658 5831
7 9480 6596 3795 9651 8993 4521 7955
18 5110 5521 1878 8259 9890 2148 5037 9337 3866 8333 9661 1188 7665 7529 171 9301 4684 4962
15 3056 4985 455 5845 6335 4002 1405 4025 5165 9277 5311 137 1640 186 4488
4 7534 9375 242 7338
13 9536 6652 2324 861 9968 6893 8586 9830 2206 7452 3463 8504 6851
15 7920 9943 3117 8250 686 3540 6292 7781 2748 4796 179 7089 5506 4568 6514
23 4359 9562 856 8937 2011 6512 3676 4023 6081 8936 1295 5205 4404 6825 8040 128 7444 6151 7098 887 4326 3831 9496
13 2868 9003 1093 3464 9716 7432 6177 2609 666 9697 4081 4088 7198
10 1916 9363 7218 5429 4937 6831 8766 9901 3157 5947
6 819 4801 4681 6093 7929 6399
15 4718 5301 7383 9922 8802 6104 3838 1834 556 8328 2810 3946 442 9839 6161
15 3496 8503 930 7926 3039 7396 4781 177 443 3205 1846 2611 3195 7423 6079
4 5025 5559 5885 3780
4 6388 9271 5255 7464
27 668 74 1364 3559 2379 8138 1569 6365 6323 3636 7227 1670 1033 1000 9998 207 748 4601 6962 7434 8768 5582 9966 9643 8827 5758 6703
11 2736 441 3459 5326 4385 5988 3194 4431 7093 3144 1681
10 5619 8220 953 5828 699 3567 883 6617 8528 4348
21 2520 3842 8902 4055 7105 9040 2397 9152 8688 1007 7413 2483 5889 8424 1113 6706 9267 1766 239 9665 4719
14 2035 1735 558 7751 8539 4797 7412 4388 4762 1518 572 4160 1895 5785
15 6699 7042 7168 4908 597 1967 9589 5470 5519 2030 3823 3356 5036 8072 7254
9 1562 418 9842 3565 3592 3089 2507 4024 9863
12 6483 5241 5336 1196 2354 0 8804 447 4166 6913 886 9145
12 9512 8338 4583 4012 4054 2826 2607 3625 4964 2572 3161 9147
16 7064 1398 5771 4913 2610 4433 9675 1072 6234 2628 3316 821 907 1182 5748 387
16 1454 754 9593 9939 9745 3731 7578 341 54 9546 1752 2828 2138 9429 404 7300
17 7001 1077 898 8891 8233 3162 9231 6946 7826 4392 2644 4449 6170 991 4364 8455 9469
18 4976 2191 6484 706 3349 2290 2679 8800 8507 2513 5017 383 9945 8956 9908 6723 3435 5069
8 288 3445 6463 198 7215 8055 6278 9340
13 6747 1016 4779 9876 4773 6657 7185 496 6548 1723 1867 2262 8345
11 2648 4068 9831 7375 7946 5606 2343 9478 4057 8705 9010
47 8734 1545 6558 6816 1404 2065 5757 4363 437 4490 4327 8370 2355 7 8186 3457 4544 1829 4247 925 3888 4185 8495 5144 596 1616 8184 8454 7882 3347 5775 2300 793 2078 5040 2024 6696 453 5539 7449 9528 2565 8633 3999 3908 9524 6988
9 2099 1614 2026 4169 5781 2251 2328 3293 8382
25 6117 1390 3299 6084 206 7988 3942 228 7238 3001 3736 1629 1609 7380 3318 8295 1050 8360 6165 8427 6503 1526 6444 9504 2164
10 6903 3419 7842 6708 9170 247 9412 6574 519 8389
12 7948 7485 7337 6734 4923 6533 6755 2470 6340 8308 5787 5498
12 5875 3252 2814 4199 9201 1064 4635 6953 4186 9952 1768 1235
5 8339 2783 4604 7954 7839
13 2992 529 6522 2863 1054 9930 8780 8194 5913 8700 5202 108 6069
7 9018 2129 4921 4778 6103 6516 6050
9 8755 3441 2909 5747 7612 9255 5666 9793 1509
12 3906 673 1549 7732 8148 2647 5783 920 1187 5849 1267 8568
8 1875 1250 2420 278 3576 2246 2917 6456
6 6142 6869 6630 7477 8602 7352
3 2436 6420 3392
12 7975 9812 9953 9803 1074 4262 8556 7979 3876 1275 1772 7051
13 7934 8163 8131 9596 4285 4832 2799 611 4033 7252 5279 2534 5663
22 8065 9619 3519 254 4321 3654 8302 7611 9535 5210 7095 9950 7491 4196 358 3523 6505 1351 6717 9173 4529 5767
27 6555 7701 8536 7675 1328 6199 2463 3257 621 9806 3095 7107 4997 4741 769 6041 9123 1246 1193 2563 3331 8322 683 2900 4844 1798 5197
2 7796 3623
16 1178 543 9106 7532 7118 7465 713 1278 5133 3948 349 7063 6195 45 2159 8354
13 1788 1623 3044 458 1065 8129 8139 9118 4813 8737 2338 8654 654
17 9808 4420 2132 7643 540 4310 9834 7052 6235 775 8022 9757 1345 5503 2965 1968 2464
22 7662 5826 7545 8103 4409 8779 1429 9436 3154 8442 2605 8284 1244 3267 7509 9875 6173 9067 9521 1684 5922 5675
12 6610 8634 7462 2902 1497 5013 7028 3522 6580 1718 6320 2542
10 2839 870 8448 761 1599 9178 3755 2583 451 5954
12 5507 6163 9641 9743 7448 695 258 7554 4389 800 8934 2242
14 6932 2292 3650 5087 7995 9866 5967 361 1391 5698 2317 2653 2447 3748
7 369 4418 6012 130 2721 2285 7644
3 9604 3779 6255
11 5671 8185 4818 1137 5387 6508 1463 3761 4331 3702 9970
13 4130 7045 8119 1490 6826 8470 5835 4452 165 5188 4876 7759 7551
31 6568 9406 8227 7962 500 462 7073 5916 2526 9062 2428 4283 7822 9061 2570 3799 1511 4189 3361 2586 3766 1273 8772 5050 8192 4111 5945 481 2008 2649 3887
17 8620 2085 1131 6029 6959 9433 5782 6536 7909 1347 2125 1745 8449 7011 9497 9359 8847
6 354 2155 7302 9270 9191 7887
6 4067 8180 8791 2627 8304 3697
15 3534 9609 9753 6736 7583 1270 9462 9300 4476 746 681 1779 9721 5227 5377
26 6122 1615 3182 7328 5868 6925 8200 6046 7682 2260 974 2907 9868 4387 5330 8997 2471 685 4415 1850 7030 4532 7746 4650 8466 3550
13 4350 2677 6341 8309 9584 1611 9687 9052 1642 3006 1643 7942 4863
16 4075 5955 9206 4352 3621 8457 2800 1909 3836 2154 6027 5681 5869 1859 5114 724
6 9439 2499 7214 2079 6614 1139
16 9329 6035 9251 8171 8161 9748 3637 2392 6184 3337 3339 8622 8217 483 8426 2398
12 3939 7921 9101 4691 9065 4071 8086 4138 6149 2879 5755 331
13 9086 109 2597 52 1959 7150 7713 4216 4821 1892 4401 8561 7472
13 5874 9338 6363 7140 9523 3202 9413 7331 9856 8366 687 3066 3401
12 4016 9498 9155 3152 824 2947 5275 209 8846 6380 8499 2535
19 7263 9151 1571 2525 7455 1441 8179 6266 1414 7430 4742 2706 1564 1340 5714 7631 2665 9708 3212
13 1323 4565 3927 6109 125 5286 1777 1770 2619 1888 7201 5233 3622
17 2948 631 7096 7639 9974 8603 4207 4880 275 6682 7020 8628 5204 486 3278 8518 6636
14 4783 9991 4261 1974 6883 7860 2045 6507 1232 1951 1547 8563 1198 2307
19 5360 5479 7127 4074 8480 1469 9448 6338 6778 5811 5444 8155 8387 4380 6594 8690 3512 6254 4441
6 5178 4699 6700 4936 6997 4087
10 2871 6021 3928 5495 6092 8893 6246 5695 8268 1995
11 160 8817 2211 3724 4063 193 2827 3473 9514 1495 5113
20 5802 9522 5157 4787 4729 2383 8384 7673 2362 6808 688 591 3197 4295 7619 4925 2549 1143 2487 1289
7 2690 3375 3870 6776 7596 6217 8848
22 862 4648 1817 3491 226 1594 4903 5239 2623 6938 5497 2961 9730 5342 3029 6447 2927 4266 8395 7830 8033 9657
8 425 3355 744 1637 7151 6553 6821 9576
22 238 5737 6111 6352 48 4394 7469 6858 4839 976 5727 9355 3687 6471 5575 1902 7669 3642 3253 1634 168 8531
14 9578 7280 2910 6225 5508 6169 4520 1730 6274 4539 6324 7641 5926 5366
6 7706 4097 2711 5346 8403 4685
19 799 5397 5066 7618 4508 3439 2877 7870 9056 4062 2407 5471 3632 9192 4884 6647 5944 8911 8612
17 4022 2259 916 7100 623 4722 2747 4332 6058 9250 5951 5765 4714 7772 7326 6194 7340
13 5665 1301 5513 5764 6911 2509 4912 1984 1013 2249 1985 5646 1607
21 4758 5853 2021 4095 5680 1656 3859 4205 8630 6130 3699 6113 6954 4214 3666 4858 4756 4747 9961 7984 3395
4 5134 7899 2933 2220
9 5244 9805 5317 9873 3208 5569 2643 3481 6972
20 8095 9239 2091 4639 5641 2081 3735 1758 949 1407 2478 5145 3485 6857 8955 8436 8488 4871 9214 2426
12 8036 4566 7880 4860 9001 94 8738 5749 4692 960 9508 6219
19 6689 9843 1156 5882 1167 6964 896 5993 8445 509 995 1388 3591 9785 5032 5334 7981 8770 3218
20 6296 6000 6751 423 1281 1049 467 1675 9441 1792 3629 6720 3292 5135 7450 9403 1601 6654 4197 1738
11 7006 914 8619 4144 6873 5623 8319 4128 6425 664 9291
15 5201 5276 3263 2848 5639 5237 2302 3869 1468 1245 8242 8579 2626 7820 3028
15 6976 5683 6395 3744 6144 8500 6928 5877 3183 7530 8444 3247 7811 806 9710
7 2516 5347 6537 3807 9983 513 6929
25 5798 7057 9907 1060 1024 7253 7356 2270 2 8843 4571 8935 6829 2884 6612 5230 1505 3772 6494 9838 4752 7890 820 5510 8244
19 9706 4757 1529 8252 2912 3535 4542 9475 717 2247 9098 6921 156 2128 8938 5300 3708 3677 50
18 5857 1953 7147 7832 2873 1063 4397 5717 5232 9290 9865 5543 9119 3324 3803 6464 5830 1501
10 6147 371 1956 4665 2585 6995 3310 6721 551 8717
14 1557 7769 7421 4667 7609 4393 7486 6326 6519 4527 5971 4275 4953 7784
12 2960 4027 2915 1896 1164 7159 4963 8174 3762 1147 1584 3057
32 201 7716 3190 9552 5041 2074 266 6377 7336 6686 4768 9886 959 9470 6132 653 2033 1112 261 7371 5419 5950 4425 7487 7640 37 1361 4705 8260 5744 7216 784
11 5158 9987 2806 1027 7023 6908 3045 8984 9414 1806 3409
7 1136 4428 650 1804 1447 5102 8629
9 3750 3502 1763 1513 4171 817 1690 2424 2272
21 6256 7976 701 3307 7285 4753 6052 9846 7053 4217 1422 8211 533 1800 9415 4846 4421 8601 641 1342 9074
15 9405 6557 6276 6909 5692 4200 3026 1242 5907 6590 1778 2950 6385 8165 3553
33 1575 8410 8626 4372 3317 9652 56 406 3768 3111 5100 625 6106 4232 255 5047 6267 2197 4403 1157 1494 4870 9872 7429 7378 9124 6096 5371 7528 5965 7516 163 6369
16 4085 1419 9503 4680 8404 1085 7397 8599 5803 1071 5948 884 3049 65 5018 1925
17 8901 7476 4769 5609 5634 7279 4547 3527 7799 7099 3204 7927 3100 4430 5716 8472 7541
11 2689 7766 9896 9750 3367 1327 1597 4451 1053 6627 6434
17 1586 6958 6418 5894 6923 7705 3264 8224 4988 7579 396 3177 7996 3134 9440 1576 3125
18 7405 5797 9679 3805 5076 8732 6166 3956 3031 2108 4640 1740 5449 1522 4725 5790 7761 6064
19 8169 3841 3881 6642 4253 3019 7663 5323 8810 9063 4502 1620 4629 6485 1162 6013 1296 3494 7389
6 5007 4118 4575 3382 1606 3784
15 4287 8679 2105 2253 3826 7240 6599 7782 7668 6094 6472 7160 8486 1333 2056
5 7735 9163 8029 3444 480
2 4644 4469
11 5391 3083 1791 8372 270 5224 7940 5212 2701 5884 4825
5 7740 3929 4864 2708 7010
13 9642 7250 2041 752 188 8458 6566 7531 5281 2358 9990 1128 5172
15 5337 5710 2951 2057 1025 4353 8754 1976 1537 5742 2226 4538 6123 4786 1573
23 6545 348 7483 7871 8998 6176 2865 7603 3151 5822 5370 3216 3858 4849 8225 7403 763 1591 7359 3861 1266 9689 6461
11 2038 2761 6364 9735 8494 5372 3917 9021 1525 7467 7234
17 4089 6982 4009 990 5600 6211 3217 3571 1321 8745 1043 7864 9776 4759 269 246 2704
14 5064 5655 8246 7553 7689 7599 2121 5382 3509 7174 841 4042 8596 4626
23 2741 1346 5732 9000 366 6360 3585 2283 707 7461 8399 6351 3343 4438 3466 846 4489 4493 3872 110 9212 9027 1076
10 692 4707 3916 1 335 9388 3379 6868 4411 7947
22 61 994 6782 524 5155 7883 8567 8569 583 3726 263 2880 1423 8759 1559 6649 1197 1252 8990 4220 3953 8885
12 1254 541 5432 8774 7266 3470 117 1947 6238 473 2497 719
17 3300 9673 1783 2514 8664 1014 8298 5290 4288 8910 9259 1251 8710 2749 2667 4791 8570
17 3440 7497 3420 8374 2515 1504 8411 9732 1863 952 1933 4975 6047 9105 6540 3009 3904
26 2069 993 99 2755 9409 4711 2177 4120 257 9313 4444 9499 4213 5299 5685 8947 639 5354 6306 703 2693 1796 9892 2737 1619 8106
37 9893 2472 9134 8637 963 6466 7623 4785 1360 8262 2477 9211 8704 3124 8692 1069 3211 2769 1814 7749 8491 6433 4281 9654 4616 2662 4434 6674 9617 7131 49 6344 8167 3557 3184 4992 8212
7 795 8058 3467 9193 1397 978 6530
16 3178 9419 8675 3600 8118 7181 6006 8534 172 881 6259 4586 7032 1911 2564 2093
29 6690 4046 8853 3283 3792 8379 7629 5331 5393 2289 9937 626 9312 9266 5689 5274 4084 5906 2740 5481 6544 5598 5804 8952 6845 3853 1300 2318 2750
16 8368 7347 831 629 590 3505 9539 9906 4450 3763 178 3865 285 6798 5823 5636
6 6504 3135 9202 6588 2188 6550
13 875 5308 2959 4278 3742 9362 9368 9582 730 8805 3979 7211 7286
6 5986 9847 9411 8720 4664 2720
11 1079 6502 8502 4589 5530 3662 808 2014 8639 1831 4795
15 1317 4215 9915 5608 3357 9210 5694 9525 7504 9768 5352 6788 9446 3414 8914
16 3260 2837 8082 9789 147 9080 103 4398 6355 8725 4456 7058 8145 6148 7632 4491
25 9459 3964 1879 910 9630 4244 2408 5735 6784 314 3776 4497 4065 2255 4998 6349 7208 750 1204 2257 1224 5813 4035 794 8898
